#1
double pv_profile (8760,2)

1,0
2,0
3,0
4,0
5,0
6,0
7,0
8,0
9,35058.9
10,59696.5
11,18838.1
12,30851
13,67484.5
14,40678.7
15,31645.5
16,32550.7
17,4942.02
18,0
19,0
20,0
21,0
22,0
23,0
24,0
25,0
26,0
27,0
28,0
29,0
30,0
31,0
32,0
33,18249.2
34,61690.2
35,91940.3
36,110276
37,112389
38,100134
39,84879.3
40,55837
41,9959.4
42,0
43,0
44,0
45,0
46,0
47,0
48,0
49,0
50,0
51,0
52,0
53,0
54,0
55,0
56,0
57,34243.1
58,66233.7
59,92407.8
60,104918
61,107376
62,103596
63,84231.2
64,55206.9
65,10424.2
66,0
67,0
68,0
69,0
70,0
71,0
72,0
73,0
74,0
75,0
76,0
77,0
78,0
79,0
80,0
81,33600.9
82,65183
83,91515.1
84,107404
85,109800
86,102634
87,83769.2
88,56636.9
89,10694.9
90,0
91,0
92,0
93,0
94,0
95,0
96,0
97,0
98,0
99,0
100,0
101,0
102,0
103,0
104,0
105,33644.5
106,67681.3
107,90422.6
108,108073
109,110449
110,101073
111,81029
112,55770.1
113,10844.1
114,0
115,0
116,0
117,0
118,0
119,0
120,0
121,0
122,0
123,0
124,0
125,0
126,0
127,0
128,0
129,33226.2
130,64002.5
131,88367.8
132,107303
133,106467
134,103440
135,85273.7
136,58106.1
137,11863.9
138,0
139,0
140,0
141,0
142,0
143,0
144,0
145,0
146,0
147,0
148,0
149,0
150,0
151,0
152,0
153,32424.1
154,62369.8
155,81243.4
156,98583.3
157,94765.1
158,64503
159,72730
160,51560
161,10817.4
162,0
163,0
164,0
165,0
166,0
167,0
168,0
169,0
170,0
171,0
172,0
173,0
174,0
175,0
176,0
177,33673.4
178,66644.4
179,92480.9
180,108817
181,105377
182,102964
183,80127.6
184,55265.6
185,11930.6
186,0
187,0
188,0
189,0
190,0
191,0
192,0
193,0
194,0
195,0
196,0
197,0
198,0
199,0
200,0
201,34190.3
202,68460.6
203,81992.9
204,100591
205,110250
206,101209
207,79084.7
208,36789.1
209,7578.32
210,0
211,0
212,0
213,0
214,0
215,0
216,0
217,0
218,0
219,0
220,0
221,0
222,0
223,0
224,0
225,34108.8
226,65391.2
227,92184.1
228,109151
229,111886
230,102773
231,85664.7
232,59833.9
233,13819.7
234,0
235,0
236,0
237,0
238,0
239,0
240,0
241,0
242,0
243,0
244,0
245,0
246,0
247,0
248,0
249,33805.3
250,67761.1
251,92443.9
252,107330
253,111279
254,106831
255,82791.4
256,58457.7
257,13638.4
258,0
259,0
260,0
261,0
262,0
263,0
264,0
265,0
266,0
267,0
268,0
269,0
270,0
271,0
272,0
273,33803.9
274,64983.9
275,93002.4
276,108297
277,105765
278,104180
279,86596.4
280,60208.1
281,0
282,0
283,0
284,0
285,0
286,0
287,0
288,0
289,0
290,0
291,0
292,0
293,0
294,0
295,0
296,0
297,34508.1
298,65611.2
299,87038.9
300,95997.9
301,105607
302,98717.3
303,81512.4
304,58610.3
305,0
306,0
307,0
308,0
309,0
310,0
311,0
312,0
313,0
314,0
315,0
316,0
317,0
318,0
319,0
320,0
321,29150.5
322,70054.1
323,92107
324,106411
325,112235
326,103810
327,85695.2
328,50665.4
329,0
330,0
331,0
332,0
333,0
334,0
335,0
336,0
337,0
338,0
339,0
340,0
341,0
342,0
343,0
344,0
345,24324.7
346,41066.6
347,61133.2
348,80749.9
349,54534.7
350,20666.6
351,75048.9
352,59816.4
353,0
354,0
355,0
356,0
357,0
358,0
359,0
360,0
361,0
362,0
363,0
364,0
365,0
366,0
367,0
368,0
369,28211.2
370,45677.8
371,57820.5
372,67064.9
373,65699
374,59240.9
375,48329.4
376,30846.5
377,0
378,0
379,0
380,0
381,0
382,0
383,0
384,0
385,0
386,0
387,0
388,0
389,0
390,0
391,0
392,0
393,30273.7
394,57163.5
395,38921.1
396,35064.7
397,36307.8
398,55053.5
399,22678.8
400,21701.5
401,0
402,0
403,0
404,0
405,0
406,0
407,0
408,0
409,0
410,0
411,0
412,0
413,0
414,0
415,0
416,0
417,36435.7
418,43963.1
419,91058.4
420,98450.4
421,110608
422,107940
423,92029.5
424,53395.7
425,0
426,0
427,0
428,0
429,0
430,0
431,0
432,0
433,0
434,0
435,0
436,0
437,0
438,0
439,0
440,0
441,30823.2
442,68940.1
443,92991.2
444,104896
445,105621
446,80948.1
447,77864.7
448,51284.2
449,0
450,0
451,0
452,0
453,0
454,0
455,0
456,0
457,0
458,0
459,0
460,0
461,0
462,0
463,0
464,0
465,35129.4
466,70527.3
467,96144.2
468,109119
469,115725
470,105063
471,51189.1
472,60339.7
473,0
474,0
475,0
476,0
477,0
478,0
479,0
480,0
481,0
482,0
483,0
484,0
485,0
486,0
487,0
488,0
489,34589.1
490,63623.5
491,86383.5
492,97330.6
493,116929
494,112022
495,95892
496,65674.2
497,0
498,0
499,0
500,0
501,0
502,0
503,0
504,0
505,0
506,0
507,0
508,0
509,0
510,0
511,0
512,0
513,36661.2
514,71968.5
515,94621.9
516,112751
517,115285
518,111842
519,92344.8
520,48775.3
521,0
522,0
523,0
524,0
525,0
526,0
527,0
528,0
529,0
530,0
531,0
532,0
533,0
534,0
535,0
536,0
537,37248.4
538,72249.4
539,64906.9
540,30735.6
541,32754.6
542,103621
543,49979.6
544,41469.7
545,0
546,0
547,0
548,0
549,0
550,0
551,0
552,0
553,0
554,0
555,0
556,0
557,0
558,0
559,0
560,0
561,36279.4
562,67540.8
563,72262.1
564,77838.2
565,53598.2
566,45604.8
567,68456.6
568,48443.6
569,0
570,0
571,0
572,0
573,0
574,0
575,0
576,0
577,0
578,0
579,0
580,0
581,0
582,0
583,0
584,0
585,18783.4
586,13883.7
587,13975.1
588,15765.4
589,15518.4
590,17823.5
591,53467.1
592,23912.8
593,0
594,0
595,0
596,0
597,0
598,0
599,0
600,0
601,0
602,0
603,0
604,0
605,0
606,0
607,0
608,0
609,39961.6
610,72238.8
611,102793
612,114289
613,117390
614,115442
615,101206
616,72586.8
617,0
618,0
619,0
620,0
621,0
622,0
623,0
624,0
625,0
626,0
627,0
628,0
629,0
630,0
631,0
632,0
633,39454.6
634,75374.1
635,101230
636,115689
637,119703
638,117179
639,102029
640,72474.7
641,0
642,0
643,0
644,0
645,0
646,0
647,0
648,0
649,0
650,0
651,0
652,0
653,0
654,0
655,0
656,0
657,38936.2
658,69733.7
659,102076
660,117808
661,118852
662,111990
663,94317
664,64943.7
665,0
666,0
667,0
668,0
669,0
670,0
671,0
672,0
673,0
674,0
675,0
676,0
677,0
678,0
679,0
680,0
681,39993.9
682,77490.8
683,102880
684,119252
685,122861
686,99296.8
687,93519.4
688,21197.1
689,0
690,0
691,0
692,0
693,0
694,0
695,0
696,0
697,0
698,0
699,0
700,0
701,0
702,0
703,0
704,0
705,35924.1
706,70428.1
707,100069
708,115053
709,86429.6
710,85289.4
711,92049.1
712,70541.7
713,37177.2
714,0
715,0
716,0
717,0
718,0
719,0
720,0
721,0
722,0
723,0
724,0
725,0
726,0
727,0
728,0
729,13094.1
730,45177.1
731,71573.8
732,77288.9
733,76460
734,97561.3
735,93093.9
736,64167.1
737,35014.4
738,0
739,0
740,0
741,0
742,0
743,0
744,0
745,0
746,0
747,0
748,0
749,0
750,0
751,0
752,0
753,37496.3
754,69473.5
755,97591.8
756,110693
757,111034
758,109597
759,88842.1
760,68395.1
761,37657.5
762,0
763,0
764,0
765,0
766,0
767,0
768,0
769,0
770,0
771,0
772,0
773,0
774,0
775,0
776,0
777,41195.4
778,76115.4
779,102423
780,116236
781,124699
782,115388
783,101313
784,68892.1
785,28394.1
786,0
787,0
788,0
789,0
790,0
791,0
792,0
793,0
794,0
795,0
796,0
797,0
798,0
799,0
800,204.909
801,40900.6
802,77214
803,102480
804,113014
805,120751
806,112849
807,96850
808,65585
809,34717.5
810,0
811,0
812,0
813,0
814,0
815,0
816,0
817,0
818,0
819,0
820,0
821,0
822,0
823,0
824,1822.18
825,44019.5
826,67900
827,100261
828,112815
829,116875
830,75983.4
831,94369.8
832,71812.3
833,39637.3
834,0
835,0
836,0
837,0
838,0
839,0
840,0
841,0
842,0
843,0
844,0
845,0
846,0
847,0
848,3681.32
849,39711.5
850,77245.3
851,103541
852,121659
853,122315
854,114517
855,99428.9
856,67748.9
857,37829.6
858,0
859,0
860,0
861,0
862,0
863,0
864,0
865,0
866,0
867,0
868,0
869,0
870,0
871,0
872,3650.69
873,44529.9
874,80640.3
875,105161
876,122953
877,126804
878,109862
879,95458.6
880,73177.7
881,35536.2
882,0
883,0
884,0
885,0
886,0
887,0
888,0
889,0
890,0
891,0
892,0
893,0
894,0
895,0
896,4964.79
897,44010.4
898,72961
899,110274
900,120454
901,73226
902,65546.8
903,57445
904,74023.6
905,40775
906,0
907,0
908,0
909,0
910,0
911,0
912,0
913,0
914,0
915,0
916,0
917,0
918,0
919,0
920,5730.5
921,45963.1
922,82883.8
923,103630
924,122006
925,128340
926,117395
927,66778.7
928,70675.9
929,38664.7
930,0
931,0
932,0
933,0
934,0
935,0
936,0
937,0
938,0
939,0
940,0
941,0
942,0
943,0
944,7252.5
945,45152.9
946,72266.2
947,92997.5
948,108332
949,122750
950,116743
951,99664.2
952,76455.6
953,42116.9
954,0
955,0
956,0
957,0
958,0
959,0
960,0
961,0
962,0
963,0
964,0
965,0
966,0
967,0
968,4628.59
969,20626.7
970,58741.6
971,74145.7
972,72447
973,50966.4
974,47170.4
975,48401.9
976,32553.3
977,26968.5
978,0
979,0
980,0
981,0
982,0
983,0
984,0
985,0
986,0
987,0
988,0
989,0
990,0
991,0
992,2807.37
993,11978.3
994,38170.8
995,24963.8
996,41191.7
997,44841.9
998,40315.6
999,37393.5
1000,42743.1
1001,20242.2
1002,0
1003,0
1004,0
1005,0
1006,0
1007,0
1008,0
1009,0
1010,0
1011,0
1012,0
1013,0
1014,0
1015,0
1016,2836.14
1017,12635.7
1018,14172
1019,16659.1
1020,18442
1021,19323.2
1022,16534.5
1023,14882.5
1024,16699.7
1025,19858.1
1026,0
1027,0
1028,0
1029,0
1030,0
1031,0
1032,0
1033,0
1034,0
1035,0
1036,0
1037,0
1038,0
1039,0
1040,10835
1041,20322.7
1042,31941.1
1043,49319.7
1044,49476.1
1045,41994.7
1046,55211.1
1047,28371.2
1048,46508.5
1049,36675
1050,484.984
1051,0
1052,0
1053,0
1054,0
1055,0
1056,0
1057,0
1058,0
1059,0
1060,0
1061,0
1062,0
1063,0
1064,11425.5
1065,50750
1066,72095
1067,35903.3
1068,125952
1069,52188.6
1070,129686
1071,113268
1072,82400.7
1073,44742.1
1074,1149.75
1075,0
1076,0
1077,0
1078,0
1079,0
1080,0
1081,0
1082,0
1083,0
1084,0
1085,0
1086,0
1087,0
1088,11101
1089,49313.7
1090,70935.8
1091,92103.6
1092,101931
1093,123215
1094,126018
1095,40779.9
1096,63869.3
1097,42723.9
1098,1025.62
1099,0
1100,0
1101,0
1102,0
1103,0
1104,0
1105,0
1106,0
1107,0
1108,0
1109,0
1110,0
1111,0
1112,13993.1
1113,48082.7
1114,76752.8
1115,98361.9
1116,110497
1117,94848.1
1118,98006.8
1119,111595
1120,69663.5
1121,43256.1
1122,1262.09
1123,0
1124,0
1125,0
1126,0
1127,0
1128,0
1129,0
1130,0
1131,0
1132,0
1133,0
1134,0
1135,0
1136,12829.3
1137,30529.1
1138,89035.3
1139,86842.9
1140,111890
1141,66266.7
1142,61548.2
1143,16886.8
1144,31266.7
1145,28428
1146,695.922
1147,0
1148,0
1149,0
1150,0
1151,0
1152,0
1153,0
1154,0
1155,0
1156,0
1157,0
1158,0
1159,0
1160,9098.43
1161,15191.5
1162,37460.9
1163,109911
1164,118840
1165,132950
1166,84641.5
1167,112843
1168,77497.4
1169,45066.3
1170,1791.35
1171,0
1172,0
1173,0
1174,0
1175,0
1176,0
1177,0
1178,0
1179,0
1180,0
1181,0
1182,0
1183,0
1184,13846.9
1185,54355.1
1186,86441.8
1187,115492
1188,133084
1189,140178
1190,133665
1191,114356
1192,68149.1
1193,44032.9
1194,1805.2
1195,0
1196,0
1197,0
1198,0
1199,0
1200,0
1201,0
1202,0
1203,0
1204,0
1205,0
1206,0
1207,0
1208,16033.1
1209,55125.5
1210,94184.3
1211,122170
1212,137545
1213,140288
1214,136672
1215,116843
1216,87768.1
1217,49724.1
1218,2692.09
1219,0
1220,0
1221,0
1222,0
1223,0
1224,0
1225,0
1226,0
1227,0
1228,0
1229,0
1230,0
1231,0
1232,14686.1
1233,56472.4
1234,91402.8
1235,119318
1236,132988
1237,130482
1238,129203
1239,116332
1240,81873
1241,48054.3
1242,2640.53
1243,0
1244,0
1245,0
1246,0
1247,0
1248,0
1249,0
1250,0
1251,0
1252,0
1253,0
1254,0
1255,0
1256,15459
1257,55014.6
1258,91156.3
1259,119844
1260,137114
1261,141024
1262,130903
1263,119645
1264,92410.4
1265,51777
1266,3357.79
1267,0
1268,0
1269,0
1270,0
1271,0
1272,0
1273,0
1274,0
1275,0
1276,0
1277,0
1278,0
1279,0
1280,16283.1
1281,47069.5
1282,62301
1283,83544.2
1284,116527
1285,69514.7
1286,29874.5
1287,28264.8
1288,63155.5
1289,14393.7
1290,466.737
1291,0
1292,0
1293,0
1294,0
1295,0
1296,0
1297,0
1298,0
1299,0
1300,0
1301,0
1302,0
1303,0
1304,14452.6
1305,24838.5
1306,66928
1307,54447
1308,52063
1309,58275.5
1310,74195.9
1311,45837.1
1312,29621.9
1313,30880.6
1314,1723.43
1315,0
1316,0
1317,0
1318,0
1319,0
1320,0
1321,0
1322,0
1323,0
1324,0
1325,0
1326,0
1327,0
1328,4535.08
1329,29031.4
1330,35525.2
1331,36841.6
1332,84972.1
1333,20668.2
1334,46523.3
1335,15701.4
1336,18737
1337,7004.53
1338,315.792
1339,0
1340,0
1341,0
1342,0
1343,0
1344,0
1345,0
1346,0
1347,0
1348,0
1349,0
1350,0
1351,0
1352,12389
1353,44238.4
1354,94739.2
1355,91982.2
1356,93657.7
1357,104962
1358,103043
1359,35311.7
1360,93780.8
1361,55595.3
1362,4705.41
1363,0
1364,0
1365,0
1366,0
1367,0
1368,0
1369,0
1370,0
1371,0
1372,0
1373,0
1374,0
1375,0
1376,13754.1
1377,56157.5
1378,26460.4
1379,28768
1380,90463.1
1381,36435.5
1382,33467.5
1383,112386
1384,76244.3
1385,6777.17
1386,317.31
1387,0
1388,0
1389,0
1390,0
1391,0
1392,0
1393,0
1394,0
1395,0
1396,0
1397,0
1398,0
1399,0
1400,17406.2
1401,29785
1402,44036.3
1403,19697.3
1404,38990.1
1405,117022
1406,115838
1407,111955
1408,65169.1
1409,46230.8
1410,3795.32
1411,0
1412,0
1413,0
1414,0
1415,0
1416,0
1417,0
1418,0
1419,0
1420,0
1421,0
1422,0
1423,0
1424,20806
1425,61063.2
1426,96467
1427,121924
1428,137685
1429,142302
1430,138304
1431,119636
1432,91683.2
1433,53496.2
1434,5251.25
1435,0
1436,0
1437,0
1438,0
1439,0
1440,0
1441,0
1442,0
1443,0
1444,0
1445,0
1446,0
1447,0
1448,21488.9
1449,61788.2
1450,74259.9
1451,115989
1452,128199
1453,132504
1454,132440
1455,118496
1456,91666.5
1457,52546.9
1458,5500.6
1459,0
1460,0
1461,0
1462,0
1463,0
1464,0
1465,0
1466,0
1467,0
1468,0
1469,0
1470,0
1471,0
1472,12409.4
1473,34534.1
1474,51523.1
1475,100016
1476,124844
1477,82549.9
1478,114312
1479,90243.9
1480,72801.9
1481,51865.1
1482,5497.99
1483,0
1484,0
1485,0
1486,0
1487,0
1488,0
1489,0
1490,0
1491,0
1492,0
1493,0
1494,0
1495,0
1496,21316.4
1497,44235.1
1498,61809.2
1499,74988
1500,113430
1501,87564.3
1502,70432.7
1503,56320
1504,43118.6
1505,36740.3
1506,3668.43
1507,0
1508,0
1509,0
1510,0
1511,0
1512,0
1513,0
1514,0
1515,0
1516,0
1517,0
1518,0
1519,0
1520,23182.5
1521,41848.9
1522,81533.9
1523,47783.4
1524,90670.1
1525,65940.6
1526,96950.5
1527,75275.4
1528,78692.7
1529,53548.5
1530,6350.69
1531,0
1532,0
1533,0
1534,0
1535,0
1536,0
1537,0
1538,0
1539,0
1540,0
1541,0
1542,0
1543,0
1544,15772.3
1545,42107
1546,47335.2
1547,54643.8
1548,57627.5
1549,63970.1
1550,98654.2
1551,63686.1
1552,92794.5
1553,35699.3
1554,4030.76
1555,0
1556,0
1557,0
1558,0
1559,0
1560,0
1561,0
1562,0
1563,0
1564,0
1565,0
1566,0
1567,0
1568,25332.4
1569,69079.1
1570,104823
1571,126380
1572,147041
1573,151283
1574,143429
1575,127899
1576,97961.4
1577,55093.7
1578,7289.47
1579,0
1580,0
1581,0
1582,0
1583,0
1584,0
1585,0
1586,0
1587,0
1588,0
1589,0
1590,0
1591,0
1592,26279.9
1593,69337.1
1594,104771
1595,125739
1596,142514
1597,146665
1598,143330
1599,128978
1600,97353.9
1601,57161.1
1602,7903.42
1603,0
1604,0
1605,0
1606,0
1607,0
1608,0
1609,0
1610,0
1611,0
1612,0
1613,0
1614,0
1615,0
1616,26810.3
1617,66389.6
1618,100771
1619,126775
1620,141816
1621,124259
1622,131584
1623,108804
1624,83724.8
1625,51729.7
1626,7388.2
1627,0
1628,0
1629,0
1630,0
1631,0
1632,0
1633,0
1634,0
1635,0
1636,0
1637,0
1638,0
1639,0
1640,28105.9
1641,70570.8
1642,103172
1643,128150
1644,143361
1645,148264
1646,141186
1647,123577
1648,93584.8
1649,57465.4
1650,8631.44
1651,0
1652,0
1653,0
1654,0
1655,0
1656,0
1657,0
1658,0
1659,0
1660,0
1661,0
1662,0
1663,0
1664,28720
1665,70228.7
1666,101655
1667,129407
1668,145212
1669,148733
1670,140774
1671,124857
1672,95985.6
1673,57209.7
1674,8863.9
1675,0
1676,0
1677,0
1678,0
1679,0
1680,0
1681,0
1682,0
1683,0
1684,0
1685,0
1686,0
1687,0
1688,29682
1689,72821.8
1690,105342
1691,126155
1692,146592
1693,146375
1694,111761
1695,115338
1696,48385.5
1697,38621.7
1698,5674.45
1699,0
1700,0
1701,0
1702,0
1703,0
1704,0
1705,0
1706,0
1707,0
1708,0
1709,0
1710,0
1711,0
1712,26523
1713,62817.9
1714,53587.5
1715,45571.7
1716,59062.1
1717,80105.2
1718,90664.9
1719,70745.8
1720,74482.4
1721,56104.5
1722,8904.56
1723,0
1724,0
1725,0
1726,0
1727,0
1728,0
1729,0
1730,0
1731,0
1732,0
1733,0
1734,0
1735,0
1736,27697.1
1737,65049.9
1738,59520.2
1739,69380.4
1740,21458.6
1741,68036.3
1742,39980.9
1743,84703.7
1744,48653.4
1745,53047.1
1746,8512.18
1747,0
1748,0
1749,0
1750,0
1751,0
1752,0
1753,0
1754,0
1755,0
1756,0
1757,0
1758,0
1759,0
1760,29152.1
1761,53591.4
1762,60983.2
1763,96582.3
1764,129865
1765,145057
1766,131118
1767,108572
1768,72052.4
1769,35561.5
1770,5367.43
1771,0
1772,0
1773,0
1774,0
1775,0
1776,0
1777,0
1778,0
1779,0
1780,0
1781,0
1782,0
1783,0
1784,14128.7
1785,30376.8
1786,21300.8
1787,21507.2
1788,28538.5
1789,24001.8
1790,42978.5
1791,46618.2
1792,14990.5
1793,12853
1794,1757.53
1795,0
1796,0
1797,0
1798,0
1799,0
1800,0
1801,0
1802,0
1803,0
1804,0
1805,0
1806,0
1807,0
1808,31909.7
1809,71143.6
1810,49961.5
1811,41820.2
1812,83511.3
1813,54000.1
1814,53126.2
1815,68834.6
1816,34039.1
1817,27232.5
1818,4213.37
1819,0
1820,0
1821,0
1822,0
1823,0
1824,0
1825,0
1826,0
1827,0
1828,0
1829,0
1830,0
1831,0
1832,34439.5
1833,57256.2
1834,99418.8
1835,104787
1836,132806
1837,132610
1838,83164.4
1839,62437.3
1840,32504.8
1841,26706.2
1842,4253.21
1843,0
1844,0
1845,0
1846,0
1847,0
1848,0
1849,0
1850,0
1851,0
1852,0
1853,0
1854,0
1855,0
1856,36906.6
1857,74288.1
1858,111533
1859,136676
1860,151655
1861,155923
1862,148471
1863,129791
1864,100775
1865,63269.2
1866,12598.4
1867,0
1868,0
1869,0
1870,0
1871,0
1872,0
1873,0
1874,0
1875,0
1876,0
1877,0
1878,0
1879,0
1880,16578.7
1881,38549.9
1882,54045.3
1883,55901.2
1884,68023.8
1885,49272.3
1886,65220.3
1887,38242
1888,22514.3
1889,21620.9
1890,3483.61
1891,0
1892,0
1893,0
1894,0
1895,0
1896,0
1897,0
1898,0
1899,0
1900,0
1901,0
1902,0
1903,0
1904,27183.8
1905,66184.5
1906,102688
1907,129032
1908,152014
1909,158794
1910,148243
1911,121443
1912,59731.4
1913,44991.6
1914,8792.31
1915,0
1916,0
1917,0
1918,0
1919,0
1920,0
1921,0
1922,0
1923,0
1924,0
1925,0
1926,0
1927,0
1928,37367.5
1929,79214.6
1930,113885
1931,136700
1932,149199
1933,151639
1934,146683
1935,126984
1936,95592
1937,64178.4
1938,13515.9
1939,0
1940,0
1941,0
1942,0
1943,0
1944,0
1945,0
1946,0
1947,0
1948,0
1949,0
1950,0
1951,0
1952,37792.3
1953,78517.5
1954,113505
1955,137631
1956,151277
1957,154337
1958,147015
1959,130378
1960,103211
1961,64171.7
1962,0
1963,0
1964,0
1965,0
1966,0
1967,0
1968,0
1969,0
1970,0
1971,0
1972,0
1973,0
1974,0
1975,0
1976,37922.8
1977,46144.8
1978,77394
1979,138595
1980,147717
1981,155704
1982,149276
1983,126161
1984,95020.5
1985,66382.9
1986,0
1987,0
1988,0
1989,0
1990,0
1991,0
1992,0
1993,0
1994,0
1995,0
1996,0
1997,0
1998,0
1999,0
2000,26403.5
2001,37017.7
2002,50901.7
2003,57808.8
2004,73928.9
2005,52748.8
2006,20285
2007,17576.9
2008,13741
2009,10374.7
2010,0
2011,0
2012,0
2013,0
2014,0
2015,0
2016,0
2017,0
2018,0
2019,0
2020,0
2021,0
2022,0
2023,0
2024,35823.6
2025,57808.3
2026,95300.4
2027,89034.5
2028,96915
2029,78556.2
2030,68278.9
2031,70383.8
2032,29686.3
2033,18841.8
2034,0
2035,0
2036,0
2037,0
2038,0
2039,0
2040,0
2041,0
2042,0
2043,0
2044,0
2045,0
2046,0
2047,0
2048,16375.7
2049,70593.6
2050,51755
2051,83802.9
2052,56877.2
2053,32016.5
2054,55194.3
2055,48707.5
2056,33494.4
2057,31240.8
2058,0
2059,0
2060,0
2061,0
2062,0
2063,0
2064,0
2065,0
2066,0
2067,0
2068,0
2069,0
2070,0
2071,2273.87
2072,12968.8
2073,17936.2
2074,20014.8
2075,21693.7
2076,35119.2
2077,55466
2078,129142
2079,42086.4
2080,72907.7
2081,33840.8
2082,0
2083,0
2084,0
2085,0
2086,0
2087,0
2088,0
2089,0
2090,0
2091,0
2092,0
2093,0
2094,0
2095,4363.02
2096,31866.5
2097,24738.3
2098,41317.8
2099,32779.4
2100,42141.2
2101,33159
2102,119653
2103,106992
2104,80204.5
2105,48257.9
2106,0
2107,0
2108,0
2109,0
2110,0
2111,0
2112,0
2113,0
2114,0
2115,0
2116,0
2117,0
2118,0
2119,4290.41
2120,44803.4
2121,87531.4
2122,119376
2123,109044
2124,88333.8
2125,142113
2126,145661
2127,131174
2128,106271
2129,68088.6
2130,0
2131,0
2132,0
2133,0
2134,0
2135,0
2136,0
2137,0
2138,0
2139,0
2140,0
2141,0
2142,0
2143,6113.79
2144,36258.5
2145,62760.4
2146,93596.4
2147,97750.5
2148,128578
2149,128451
2150,80924.8
2151,17422.3
2152,22138.6
2153,35003.4
2154,0
2155,0
2156,0
2157,0
2158,0
2159,0
2160,0
2161,0
2162,0
2163,0
2164,0
2165,0
2166,0
2167,7693.99
2168,45266.6
2169,84505.9
2170,117878
2171,139839
2172,155276
2173,148942
2174,139636
2175,123684
2176,87930.4
2177,46700.3
2178,0
2179,0
2180,0
2181,0
2182,0
2183,0
2184,0
2185,0
2186,0
2187,0
2188,0
2189,0
2190,0
2191,8064.99
2192,45468.8
2193,84748.8
2194,116184
2195,139714
2196,152262
2197,159488
2198,149294
2199,129707
2200,104144
2201,66141.4
2202,0
2203,0
2204,0
2205,0
2206,0
2207,0
2208,0
2209,0
2210,0
2211,0
2212,0
2213,0
2214,0
2215,8611.41
2216,46761.5
2217,85318.8
2218,119243
2219,144572
2220,159306
2221,160293
2222,150586
2223,125928
2224,102961
2225,64807.1
2226,0
2227,0
2228,0
2229,0
2230,0
2231,0
2232,0
2233,0
2234,0
2235,0
2236,0
2237,0
2238,0
2239,10589.2
2240,48536.3
2241,86685.2
2242,117274
2243,141532
2244,158566
2245,160565
2246,147366
2247,131530
2248,99966
2249,62501.3
2250,0
2251,0
2252,0
2253,0
2254,0
2255,0
2256,0
2257,0
2258,0
2259,0
2260,0
2261,0
2262,0
2263,6132.17
2264,16951.3
2265,31766.2
2266,74841.2
2267,140579
2268,155318
2269,162562
2270,143627
2271,129465
2272,101429
2273,67129.2
2274,0
2275,0
2276,0
2277,0
2278,0
2279,0
2280,0
2281,0
2282,0
2283,0
2284,0
2285,0
2286,0
2287,9604.59
2288,34571.2
2289,84252.7
2290,107003
2291,131231
2292,153597
2293,160339
2294,149001
2295,125940
2296,98151.3
2297,34581.4
2298,0
2299,0
2300,0
2301,0
2302,0
2303,0
2304,0
2305,0
2306,0
2307,0
2308,0
2309,0
2310,0
2311,11391.4
2312,40829.5
2313,86260.1
2314,121187
2315,138483
2316,144818
2317,142483
2318,152739
2319,127339
2320,102419
2321,65889.6
2322,0
2323,0
2324,0
2325,0
2326,0
2327,0
2328,0
2329,0
2330,0
2331,0
2332,0
2333,0
2334,0
2335,9930.74
2336,50573.5
2337,91215.8
2338,122861
2339,140194
2340,154322
2341,156015
2342,151112
2343,131956
2344,102436
2345,67081.6
2346,0
2347,0
2348,0
2349,0
2350,0
2351,0
2352,0
2353,0
2354,0
2355,0
2356,0
2357,0
2358,0
2359,12449.3
2360,51602
2361,88145
2362,124715
2363,148481
2364,161894
2365,158107
2366,149257
2367,132460
2368,104928
2369,66845.1
2370,0
2371,0
2372,0
2373,0
2374,0
2375,0
2376,0
2377,0
2378,0
2379,0
2380,0
2381,0
2382,0
2383,11812
2384,46706.8
2385,90553.3
2386,120351
2387,144619
2388,159791
2389,158810
2390,151933
2391,130062
2392,101889
2393,65477.4
2394,0
2395,0
2396,0
2397,0
2398,0
2399,0
2400,0
2401,0
2402,0
2403,0
2404,0
2405,0
2406,0
2407,12740.5
2408,52365
2409,86396.9
2410,118226
2411,143915
2412,157721
2413,160544
2414,149706
2415,129670
2416,101534
2417,64779.4
2418,0
2419,0
2420,0
2421,0
2422,0
2423,0
2424,0
2425,0
2426,0
2427,0
2428,0
2429,0
2430,0
2431,12089.2
2432,52943.7
2433,85978.3
2434,122755
2435,145917
2436,157086
2437,159315
2438,150099
2439,132353
2440,101161
2441,66594.3
2442,0
2443,0
2444,0
2445,0
2446,0
2447,0
2448,0
2449,0
2450,0
2451,0
2452,0
2453,0
2454,0
2455,13422.7
2456,51483.6
2457,91018.8
2458,123149
2459,148432
2460,162387
2461,164851
2462,154514
2463,130677
2464,105147
2465,68524.8
2466,0
2467,0
2468,0
2469,0
2470,0
2471,0
2472,0
2473,0
2474,0
2475,0
2476,0
2477,0
2478,0
2479,16604.4
2480,30835.5
2481,88874.2
2482,36447.8
2483,140797
2484,143061
2485,140553
2486,141706
2487,38359.5
2488,20188.8
2489,35918.9
2490,0
2491,0
2492,0
2493,0
2494,0
2495,0
2496,0
2497,0
2498,0
2499,0
2500,0
2501,0
2502,0
2503,7979.51
2504,15806.9
2505,69893.4
2506,30434.2
2507,88325.3
2508,77947.7
2509,93037.6
2510,152585
2511,137217
2512,109357
2513,68631.1
2514,17120.3
2515,0
2516,0
2517,0
2518,0
2519,0
2520,0
2521,0
2522,0
2523,0
2524,0
2525,0
2526,0
2527,17205.4
2528,51085.5
2529,92007.6
2530,126482
2531,150557
2532,160010
2533,166534
2534,151301
2535,136542
2536,107129
2537,67486.4
2538,30497.2
2539,0
2540,0
2541,0
2542,0
2543,0
2544,0
2545,0
2546,0
2547,0
2548,0
2549,0
2550,0
2551,18854
2552,42044.1
2553,60595.4
2554,77004.9
2555,136740
2556,80541.2
2557,28633.8
2558,22890.2
2559,95208
2560,48159.1
2561,25980
2562,21628.3
2563,0
2564,0
2565,0
2566,0
2567,0
2568,0
2569,0
2570,0
2571,0
2572,0
2573,0
2574,0
2575,11492.1
2576,53139.9
2577,90078.4
2578,106740
2579,125752
2580,154526
2581,132036
2582,147764
2583,100182
2584,99139.1
2585,66672
2586,27396.1
2587,0
2588,0
2589,0
2590,0
2591,0
2592,0
2593,0
2594,0
2595,0
2596,0
2597,0
2598,0
2599,16443.6
2600,57569
2601,95210.1
2602,128687
2603,154045
2604,164582
2605,170136
2606,155775
2607,133898
2608,106412
2609,70865.8
2610,25872.4
2611,0
2612,0
2613,0
2614,0
2615,0
2616,0
2617,0
2618,0
2619,0
2620,0
2621,0
2622,0
2623,16837.2
2624,56755.7
2625,93266.9
2626,124034
2627,148400
2628,156158
2629,164928
2630,149387
2631,133658
2632,104542
2633,66701.9
2634,24308.7
2635,0
2636,0
2637,0
2638,0
2639,0
2640,0
2641,0
2642,0
2643,0
2644,0
2645,0
2646,0
2647,8973.79
2648,26317.6
2649,79923.3
2650,111270
2651,70454.9
2652,75154.1
2653,73954.6
2654,68429.5
2655,18188.8
2656,14184
2657,8981.83
2658,17796.8
2659,0
2660,0
2661,0
2662,0
2663,0
2664,0
2665,0
2666,0
2667,0
2668,0
2669,0
2670,0
2671,7295.32
2672,22960.2
2673,22365.5
2674,24311.9
2675,34799.5
2676,30664.9
2677,64050.3
2678,115078
2679,87424.9
2680,102663
2681,68658.5
2682,22193.7
2683,0
2684,0
2685,0
2686,0
2687,0
2688,0
2689,0
2690,0
2691,0
2692,0
2693,0
2694,0
2695,15543
2696,37800.4
2697,70869.4
2698,116436
2699,149488
2700,163470
2701,165749
2702,154040
2703,138139
2704,103446
2705,70175.2
2706,26789.7
2707,0
2708,0
2709,0
2710,0
2711,0
2712,0
2713,0
2714,0
2715,0
2716,0
2717,0
2718,0
2719,20464.1
2720,55287
2721,95846.1
2722,124970
2723,153543
2724,163952
2725,167419
2726,152861
2727,137419
2728,108876
2729,69135.4
2730,30787.5
2731,0
2732,0
2733,0
2734,0
2735,0
2736,0
2737,0
2738,0
2739,0
2740,0
2741,0
2742,0
2743,18854.3
2744,58421.9
2745,97972
2746,126495
2747,152262
2748,162330
2749,163286
2750,153163
2751,133908
2752,106554
2753,70043.4
2754,29514.3
2755,0
2756,0
2757,0
2758,0
2759,0
2760,0
2761,0
2762,0
2763,0
2764,0
2765,0
2766,0
2767,19568.9
2768,57449.9
2769,96460.7
2770,126738
2771,147468
2772,159811
2773,160691
2774,150188
2775,133928
2776,105634
2777,67186.8
2778,28534.3
2779,0
2780,0
2781,0
2782,0
2783,0
2784,0
2785,0
2786,0
2787,0
2788,0
2789,0
2790,0
2791,15268.5
2792,57504.2
2793,93950.9
2794,123266
2795,145837
2796,158832
2797,159965
2798,153572
2799,135114
2800,107318
2801,69958.4
2802,32241.5
2803,0
2804,0
2805,0
2806,0
2807,0
2808,0
2809,0
2810,0
2811,0
2812,0
2813,0
2814,0
2815,15557.7
2816,45855
2817,94224
2818,125981
2819,145681
2820,132775
2821,166159
2822,149123
2823,132959
2824,103780
2825,67742.3
2826,31472.9
2827,0
2828,0
2829,0
2830,0
2831,0
2832,0
2833,0
2834,0
2835,0
2836,0
2837,0
2838,0
2839,20808.3
2840,61956.5
2841,100470
2842,129986
2843,152090
2844,165797
2845,167284
2846,154099
2847,135675
2848,106555
2849,66493.1
2850,25493.1
2851,0
2852,0
2853,0
2854,0
2855,0
2856,0
2857,0
2858,0
2859,0
2860,0
2861,0
2862,0
2863,21553.3
2864,59828.2
2865,97728.1
2866,127138
2867,145231
2868,159849
2869,163121
2870,152156
2871,132427
2872,100147
2873,64559.5
2874,28190
2875,0
2876,0
2877,0
2878,0
2879,0
2880,0
2881,0
2882,0
2883,0
2884,0
2885,0
2886,0
2887,18391.3
2888,47897.8
2889,96969
2890,125888
2891,146117
2892,157453
2893,158922
2894,150843
2895,131867
2896,105928
2897,67716.6
2898,28528.7
2899,0
2900,0
2901,0
2902,0
2903,0
2904,0
2905,0
2906,0
2907,0
2908,0
2909,0
2910,0
2911,22910.1
2912,58175.7
2913,87938.6
2914,118608
2915,130644
2916,155400
2917,159375
2918,150782
2919,122460
2920,95405.6
2921,51557.6
2922,27724.3
2923,0
2924,0
2925,0
2926,0
2927,0
2928,0
2929,0
2930,0
2931,0
2932,0
2933,0
2934,0
2935,21852.9
2936,57953.7
2937,90000.5
2938,119405
2939,140843
2940,156493
2941,158887
2942,151369
2943,128953
2944,100591
2945,66496.5
2946,30805.9
2947,0
2948,0
2949,0
2950,0
2951,0
2952,0
2953,0
2954,0
2955,0
2956,0
2957,0
2958,0
2959,23685.7
2960,59723.1
2961,85576
2962,116685
2963,139191
2964,152959
2965,150538
2966,115916
2967,72560.3
2968,66788.7
2969,31531.9
2970,28395.8
2971,43.7291
2972,0
2973,0
2974,0
2975,0
2976,0
2977,0
2978,0
2979,0
2980,0
2981,0
2982,0
2983,15064.4
2984,53555.8
2985,72716.3
2986,80267.1
2987,133134
2988,137891
2989,41433.9
2990,33669.1
2991,71462.1
2992,89192
2993,52704.2
2994,29041.7
2995,91.4525
2996,0
2997,0
2998,0
2999,0
3000,0
3001,0
3002,0
3003,0
3004,0
3005,0
3006,0
3007,12756.3
3008,41041.8
3009,61586.3
3010,98577
3011,105703
3012,125746
3013,126739
3014,138284
3015,125472
3016,97196.8
3017,52406.1
3018,30646.9
3019,219.812
3020,0
3021,0
3022,0
3023,0
3024,0
3025,0
3026,0
3027,0
3028,0
3029,0
3030,0
3031,25154.4
3032,42177.6
3033,42177
3034,75409.6
3035,102754
3036,137318
3037,111299
3038,139743
3039,121095
3040,86834.8
3041,52105.3
3042,17454.9
3043,153.525
3044,0
3045,0
3046,0
3047,0
3048,0
3049,0
3050,0
3051,0
3052,0
3053,0
3054,0
3055,10506.2
3056,17906.9
3057,57157.8
3058,42070
3059,36447.5
3060,76205.8
3061,67150.9
3062,70004.9
3063,26122.5
3064,32030.1
3065,24997.5
3066,26171.5
3067,180.875
3068,0
3069,0
3070,0
3071,0
3072,0
3073,0
3074,0
3075,0
3076,0
3077,0
3078,0
3079,9930
3080,15681.2
3081,19293.6
3082,26943.5
3083,31153.6
3084,39368.9
3085,42809
3086,30580.7
3087,31551
3088,39065.3
3089,27866.5
3090,26257.1
3091,227.026
3092,0
3093,0
3094,0
3095,0
3096,0
3097,0
3098,0
3099,0
3100,0
3101,0
3102,0
3103,23754.5
3104,46393.3
3105,81442.4
3106,115893
3107,139817
3108,161419
3109,161206
3110,149235
3111,129728
3112,104498
3113,68160.8
3114,32734.4
3115,363.379
3116,0
3117,0
3118,0
3119,0
3120,0
3121,0
3122,0
3123,0
3124,0
3125,0
3126,0
3127,24838.7
3128,58594.1
3129,77583.6
3130,80647.3
3131,50436.9
3132,84807.2
3133,43043.3
3134,67102
3135,52201.2
3136,62845.4
3137,57807.9
3138,25393.3
3139,372.487
3140,0
3141,0
3142,0
3143,0
3144,0
3145,0
3146,0
3147,0
3148,0
3149,0
3150,0
3151,11964.4
3152,43849.2
3153,72042.4
3154,34021.8
3155,129183
3156,94996
3157,54998.8
3158,119838
3159,42368.4
3160,29881.8
3161,23556.2
3162,21787.5
3163,317.095
3164,0
3165,0
3166,0
3167,0
3168,0
3169,0
3170,0
3171,0
3172,0
3173,0
3174,0
3175,28078.8
3176,35732
3177,43050.4
3178,53430.8
3179,58743.3
3180,120689
3181,104528
3182,87295.2
3183,68298.6
3184,87047.7
3185,52212
3186,32483.1
3187,567.188
3188,0
3189,0
3190,0
3191,0
3192,0
3193,0
3194,0
3195,0
3196,0
3197,0
3198,0
3199,24032.6
3200,60305.7
3201,74395.6
3202,110664
3203,129150
3204,129195
3205,155000
3206,145708
3207,129891
3208,107107
3209,72074.5
3210,33144.7
3211,763.78
3212,0
3213,0
3214,0
3215,0
3216,0
3217,0
3218,0
3219,0
3220,0
3221,0
3222,0
3223,24768.8
3224,64081.9
3225,97293.2
3226,128199
3227,149322
3228,161611
3229,164169
3230,154181
3231,133813
3232,107761
3233,71749.4
3234,32084.6
3235,732.236
3236,0
3237,0
3238,0
3239,0
3240,0
3241,0
3242,0
3243,0
3244,0
3245,0
3246,0
3247,12097
3248,23915
3249,30673.3
3250,78460.9
3251,121326
3252,156912
3253,164051
3254,152616
3255,136356
3256,107903
3257,71648.5
3258,31814.1
3259,869.703
3260,0
3261,0
3262,0
3263,0
3264,0
3265,0
3266,0
3267,0
3268,0
3269,0
3270,0
3271,25031.4
3272,65603
3273,101219
3274,129119
3275,150429
3276,162753
3277,165122
3278,154980
3279,133472
3280,109188
3281,71323.4
3282,34167.4
3283,1028.37
3284,0
3285,0
3286,0
3287,0
3288,0
3289,0
3290,0
3291,0
3292,0
3293,0
3294,0
3295,25360.5
3296,64594.6
3297,100073
3298,127686
3299,148455
3300,160968
3301,162682
3302,150183
3303,131239
3304,106042
3305,70218.8
3306,33432.6
3307,1046.18
3308,0
3309,0
3310,0
3311,0
3312,0
3313,0
3314,0
3315,0
3316,0
3317,0
3318,0
3319,26430.8
3320,65034.5
3321,95240.9
3322,130252
3323,144251
3324,161291
3325,155422
3326,152902
3327,132507
3328,108241
3329,73292
3330,32945.2
3331,1125.57
3332,0
3333,0
3334,0
3335,0
3336,0
3337,0
3338,0
3339,0
3340,0
3341,0
3342,0
3343,25908.4
3344,41995.2
3345,45845
3346,86153.8
3347,54249.5
3348,103525
3349,125511
3350,122942
3351,88527.5
3352,104294
3353,72829.4
3354,35800
3355,1343.18
3356,0
3357,0
3358,0
3359,0
3360,0
3361,0
3362,0
3363,0
3364,0
3365,0
3366,0
3367,28378.1
3368,66492.3
3369,97475.1
3370,127930
3371,150884
3372,162251
3373,165532
3374,154181
3375,133378
3376,107534
3377,74758.9
3378,34943
3379,1347.33
3380,0
3381,0
3382,0
3383,0
3384,0
3385,0
3386,0
3387,0
3388,0
3389,0
3390,0
3391,27567.1
3392,65948.1
3393,96829.1
3394,128094
3395,146869
3396,159543
3397,162208
3398,152389
3399,130108
3400,102860
3401,70032.5
3402,15786.8
3403,782.371
3404,0
3405,0
3406,0
3407,0
3408,0
3409,0
3410,0
3411,0
3412,0
3413,0
3414,0
3415,18421.2
3416,28617.9
3417,39937.3
3418,97743
3419,144478
3420,157988
3421,160268
3422,150607
3423,126393
3424,106161
3425,75578.3
3426,33738.8
3427,1559.36
3428,0
3429,0
3430,0
3431,0
3432,0
3433,0
3434,0
3435,0
3436,0
3437,0
3438,0
3439,26268.2
3440,64447.7
3441,96864.4
3442,115047
3443,142596
3444,156124
3445,159160
3446,149899
3447,132771
3448,106598
3449,70782.2
3450,36032.7
3451,1701.51
3452,0
3453,0
3454,0
3455,0
3456,0
3457,0
3458,0
3459,0
3460,0
3461,0
3462,0
3463,12279.6
3464,21937.2
3465,26646.4
3466,49608.9
3467,55731.6
3468,63515.9
3469,55892.4
3470,59751.3
3471,78551.9
3472,45290.9
3473,39873
3474,8790.25
3475,469.088
3476,0
3477,0
3478,0
3479,0
3480,0
3481,0
3482,0
3483,0
3484,0
3485,0
3486,0
3487,15555.4
3488,44191.6
3489,74335.5
3490,98969.2
3491,139798
3492,157134
3493,160919
3494,143575
3495,118636
3496,109053
3497,75618
3498,35035.6
3499,1912.64
3500,0
3501,0
3502,0
3503,0
3504,0
3505,0
3506,0
3507,0
3508,0
3509,0
3510,0
3511,26984.1
3512,66804.3
3513,102187
3514,130216
3515,153277
3516,164401
3517,167198
3518,154384
3519,137750
3520,109104
3521,74880.1
3522,34625.7
3523,1905.97
3524,0
3525,0
3526,0
3527,0
3528,0
3529,0
3530,0
3531,0
3532,0
3533,0
3534,0
3535,26358.4
3536,66734
3537,102570
3538,129198
3539,149046
3540,160381
3541,162361
3542,150256
3543,135050
3544,109633
3545,77656.9
3546,36868.5
3547,2088.03
3548,0
3549,0
3550,0
3551,0
3552,0
3553,0
3554,0
3555,0
3556,0
3557,0
3558,0
3559,22727.1
3560,58081.2
3561,85898
3562,119070
3563,146151
3564,149266
3565,147621
3566,142030
3567,125571
3568,98134.5
3569,74204.3
3570,36591.4
3571,2248.47
3572,0
3573,0
3574,0
3575,0
3576,0
3577,0
3578,0
3579,0
3580,0
3581,0
3582,0
3583,26047.2
3584,58562.4
3585,93152.4
3586,130107
3587,146333
3588,160892
3589,162040
3590,152599
3591,133963
3592,104165
3593,62137.5
3594,21062.8
3595,1709.55
3596,0
3597,0
3598,0
3599,0
3600,0
3601,0
3602,0
3603,0
3604,0
3605,0
3606,0
3607,19623
3608,48168.8
3609,61245.8
3610,111435
3611,128879
3612,159614
3613,163088
3614,148388
3615,42994.1
3616,35575.4
3617,24497.8
3618,12399.8
3619,1097.47
3620,0
3621,0
3622,0
3623,0
3624,0
3625,0
3626,0
3627,0
3628,0
3629,0
3630,0
3631,19210
3632,62838.5
3633,97636.9
3634,126559
3635,147357
3636,161234
3637,158732
3638,149470
3639,131100
3640,107545
3641,72138.7
3642,34832.8
3643,2400.7
3644,0
3645,0
3646,0
3647,0
3648,0
3649,0
3650,0
3651,0
3652,0
3653,0
3654,0
3655,28938.8
3656,66057.4
3657,99164.9
3658,128457
3659,145948
3660,160862
3661,158983
3662,150921
3663,132940
3664,105694
3665,72309.6
3666,37551.2
3667,2671.79
3668,0
3669,0
3670,0
3671,0
3672,0
3673,0
3674,0
3675,0
3676,0
3677,0
3678,0
3679,27934.1
3680,60466
3681,93570.2
3682,125777
3683,147287
3684,157231
3685,160268
3686,146055
3687,123591
3688,105080
3689,73433.9
3690,37207.5
3691,2842.56
3692,0
3693,0
3694,0
3695,0
3696,0
3697,0
3698,0
3699,0
3700,0
3701,0
3702,0
3703,29240.1
3704,41017.3
3705,89213.6
3706,113601
3707,131940
3708,148238
3709,148260
3710,138808
3711,122643
3712,99141.8
3713,63749.2
3714,34372.7
3715,2660.57
3716,0
3717,0
3718,0
3719,0
3720,0
3721,0
3722,0
3723,0
3724,0
3725,0
3726,204.93
3727,27156.1
3728,63682.8
3729,94710.8
3730,108685
3731,135753
3732,143733
3733,153670
3734,149122
3735,130323
3736,107723
3737,75034.4
3738,35950.4
3739,2920.74
3740,0
3741,0
3742,0
3743,0
3744,0
3745,0
3746,0
3747,0
3748,0
3749,0
3750,238.867
3751,14899.6
3752,30081.2
3753,48127
3754,95732.1
3755,133652
3756,147027
3757,71654.8
3758,66072.2
3759,50318.3
3760,50798.8
3761,44603.5
3762,32966
3763,2970.54
3764,0
3765,0
3766,0
3767,0
3768,0
3769,0
3770,0
3771,0
3772,0
3773,0
3774,569.888
3775,23596.3
3776,38280.6
3777,47432.6
3778,55498.6
3779,44160.5
3780,70772.7
3781,99142.6
3782,75257
3783,95337.8
3784,98637.6
3785,71237.9
3786,38080.8
3787,3292.68
3788,0
3789,0
3790,0
3791,0
3792,0
3793,0
3794,0
3795,0
3796,0
3797,0
3798,451.297
3799,13642.7
3800,18723.5
3801,24926.6
3802,37040
3803,48588.5
3804,63289.8
3805,36805.9
3806,43980.2
3807,47221.9
3808,36579.8
3809,36954.4
3810,34835.6
3811,3301.1
3812,0
3813,0
3814,0
3815,0
3816,0
3817,0
3818,0
3819,0
3820,0
3821,0
3822,356.193
3823,10356.2
3824,18029.8
3825,33829
3826,55249.2
3827,64466.6
3828,62457.3
3829,86706.2
3830,92235.5
3831,107606
3832,80234.9
3833,69793.4
3834,37588.5
3835,3467.82
3836,0
3837,0
3838,0
3839,0
3840,0
3841,0
3842,0
3843,0
3844,0
3845,0
3846,377.255
3847,14893.1
3848,20271.9
3849,27250.5
3850,76392.9
3851,69913.9
3852,80785.6
3853,97172.8
3854,115394
3855,98998.4
3856,61382.2
3857,30642.6
3858,17219.3
3859,2048.56
3860,0
3861,0
3862,0
3863,0
3864,0
3865,0
3866,0
3867,0
3868,0
3869,0
3870,738.708
3871,21898.1
3872,23324.1
3873,35412.1
3874,43442.8
3875,35170.5
3876,39236.6
3877,40390.5
3878,28289.9
3879,22657.4
3880,22212.5
3881,23101.6
3882,17225.3
3883,2050.34
3884,0
3885,0
3886,0
3887,0
3888,0
3889,0
3890,0
3891,0
3892,0
3893,0
3894,726.732
3895,9640.82
3896,21933.9
3897,60198.6
3898,101584
3899,78211.9
3900,138151
3901,154173
3902,136220
3903,102092
3904,81761.9
3905,75772
3906,39272.6
3907,3900.02
3908,0
3909,0
3910,0
3911,0
3912,0
3913,0
3914,0
3915,0
3916,0
3917,0
3918,754.145
3919,26854.7
3920,64050.1
3921,99328.5
3922,128228
3923,148597
3924,161892
3925,163703
3926,145752
3927,129896
3928,109874
3929,78280.4
3930,39090.2
3931,3879.68
3932,0
3933,0
3934,0
3935,0
3936,0
3937,0
3938,0
3939,0
3940,0
3941,0
3942,675.118
3943,27224.8
3944,63857.7
3945,97372.7
3946,125921
3947,146410
3948,159503
3949,159205
3950,150726
3951,133282
3952,109813
3953,77496.6
3954,38716.1
3955,3995.65
3956,0
3957,0
3958,0
3959,0
3960,0
3961,0
3962,0
3963,0
3964,0
3965,0
3966,387.915
3967,14182.2
3968,33031
3969,92626.5
3970,124774
3971,142631
3972,156858
3973,157246
3974,147791
3975,131815
3976,107555
3977,77448
3978,38055.7
3979,4082.34
3980,0
3981,0
3982,0
3983,0
3984,0
3985,0
3986,0
3987,0
3988,0
3989,0
3990,210.287
3991,9573.96
3992,20371.9
3993,22329.5
3994,27389.8
3995,42253.5
3996,44488.6
3997,56968.7
3998,41738.9
3999,22685.5
4000,40783.9
4001,33057.1
4002,18624.1
4003,2517.58
4004,0
4005,0
4006,0
4007,0
4008,0
4009,0
4010,0
4011,0
4012,0
4013,0
4014,184.949
4015,21034.6
4016,50945.6
4017,84136.8
4018,124708
4019,144602
4020,157590
4021,162015
4022,151340
4023,134306
4024,110487
4025,76724.7
4026,37838.9
4027,4118.88
4028,0
4029,0
4030,0
4031,0
4032,0
4033,0
4034,0
4035,0
4036,0
4037,0
4038,63.8522
4039,26227.2
4040,64125.1
4041,98399.6
4042,128007
4043,148304
4044,158382
4045,157895
4046,152213
4047,135967
4048,101880
4049,74398.9
4050,37551.7
4051,4243.6
4052,0
4053,0
4054,0
4055,0
4056,0
4057,0
4058,0
4059,0
4060,0
4061,0
4062,0
4063,29141.4
4064,62733.9
4065,97142.3
4066,124339
4067,144080
4068,157198
4069,156499
4070,145404
4071,132999
4072,105359
4073,76351.6
4074,40141.1
4075,4466.62
4076,0
4077,0
4078,0
4079,0
4080,0
4081,0
4082,0
4083,0
4084,0
4085,0
4086,0
4087,20739.4
4088,47565.1
4089,95852.8
4090,124183
4091,143239
4092,158545
4093,156932
4094,149740
4095,131428
4096,107708
4097,75149.8
4098,40214.4
4099,4508.43
4100,0
4101,0
4102,0
4103,0
4104,0
4105,0
4106,0
4107,0
4108,0
4109,0
4110,0
4111,28817.3
4112,63921
4113,97184.7
4114,124239
4115,145543
4116,157028
4117,156544
4118,149201
4119,131475
4120,106709
4121,77018.2
4122,40107.4
4123,4503.92
4124,0
4125,0
4126,0
4127,0
4128,0
4129,0
4130,0
4131,0
4132,0
4133,0
4134,0
4135,27555.5
4136,64257.6
4137,96964.1
4138,124563
4139,143623
4140,156669
4141,158373
4142,151287
4143,131857
4144,109449
4145,76906
4146,39800.1
4147,4557.17
4148,0
4149,0
4150,0
4151,0
4152,0
4153,0
4154,0
4155,0
4156,0
4157,0
4158,0
4159,27723.7
4160,63567.1
4161,96149.6
4162,125919
4163,145301
4164,156902
4165,157544
4166,149195
4167,132340
4168,108968
4169,78648.3
4170,39787
4171,4666.42
4172,0
4173,0
4174,0
4175,0
4176,0
4177,0
4178,0
4179,0
4180,0
4181,0
4182,0
4183,20153.3
4184,54276.5
4185,98344.3
4186,126393
4187,148096
4188,154834
4189,158990
4190,150709
4191,132238
4192,106836
4193,78281
4194,39265.9
4195,4758.16
4196,0
4197,0
4198,0
4199,0
4200,0
4201,0
4202,0
4203,0
4204,0
4205,0
4206,0
4207,25791.3
4208,62828.6
4209,96038
4210,124506
4211,144079
4212,154263
4213,155164
4214,151098
4215,131296
4216,105228
4217,77790.6
4218,38911.5
4219,4727.58
4220,0
4221,0
4222,0
4223,0
4224,0
4225,0
4226,0
4227,0
4228,0
4229,0
4230,0
4231,17564.5
4232,62876
4233,94397.2
4234,121254
4235,143511
4236,155022
4237,153703
4238,146983
4239,129424
4240,104324
4241,72666.9
4242,10908.9
4243,1578.21
4244,0
4245,0
4246,0
4247,0
4248,0
4249,0
4250,0
4251,0
4252,0
4253,0
4254,0
4255,16552.1
4256,59692.2
4257,92095.8
4258,119943
4259,140104
4260,151287
4261,151951
4262,144764
4263,127884
4264,103734
4265,75917.9
4266,39003.9
4267,4745.64
4268,0
4269,0
4270,0
4271,0
4272,0
4273,0
4274,0
4275,0
4276,0
4277,0
4278,0
4279,10810.8
4280,24607.1
4281,67830.1
4282,119352
4283,139986
4284,150406
4285,156572
4286,147635
4287,127449
4288,108805
4289,76333.9
4290,39042.9
4291,4777.42
4292,0
4293,0
4294,0
4295,0
4296,0
4297,0
4298,0
4299,0
4300,0
4301,0
4302,0
4303,20104.5
4304,61640.1
4305,94350.5
4306,122180
4307,142997
4308,156331
4309,156973
4310,149039
4311,132545
4312,108903
4313,77323.1
4314,38402.3
4315,4757.21
4316,0
4317,0
4318,0
4319,0
4320,0
4321,0
4322,0
4323,0
4324,0
4325,0
4326,0
4327,25490.6
4328,62446.9
4329,95622.7
4330,123889
4331,144250
4332,157183
4333,157948
4334,147757
4335,130656
4336,107136
4337,75703
4338,41241.5
4339,5089.52
4340,0
4341,0
4342,0
4343,0
4344,0
4345,0
4346,0
4347,0
4348,0
4349,0
4350,0
4351,25404.7
4352,59192.3
4353,90890.1
4354,120104
4355,140973
4356,149149
4357,153458
4358,148445
4359,131970
4360,108935
4361,73434.2
4362,39695.1
4363,4845.03
4364,0
4365,0
4366,0
4367,0
4368,0
4369,0
4370,0
4371,0
4372,0
4373,0
4374,0
4375,25983
4376,59498.2
4377,94887.9
4378,121328
4379,143198
4380,155511
4381,156733
4382,146182
4383,130031
4384,109795
4385,74333.1
4386,20114.3
4387,2892.45
4388,0
4389,0
4390,0
4391,0
4392,0
4393,0
4394,0
4395,0
4396,0
4397,0
4398,0
4399,18856.6
4400,48385.8
4401,90709.1
4402,122462
4403,142807
4404,155382
4405,158418
4406,148035
4407,131126
4408,107872
4409,77963.7
4410,39623.2
4411,4750.96
4412,0
4413,0
4414,0
4415,0
4416,0
4417,0
4418,0
4419,0
4420,0
4421,0
4422,0
4423,25162.1
4424,59749.7
4425,94478.1
4426,125019
4427,140140
4428,152153
4429,151758
4430,149266
4431,128673
4432,100071
4433,73908.6
4434,39715.1
4435,4753.45
4436,0
4437,0
4438,0
4439,0
4440,0
4441,0
4442,0
4443,0
4444,0
4445,0
4446,0
4447,25420.5
4448,59298.5
4449,94038.6
4450,121096
4451,140415
4452,149088
4453,150606
4454,146600
4455,123217
4456,102843
4457,74416.6
4458,40229.4
4459,4869.2
4460,0
4461,0
4462,0
4463,0
4464,0
4465,0
4466,0
4467,0
4468,0
4469,0
4470,0
4471,23489.8
4472,56998.7
4473,91721.2
4474,120289
4475,142332
4476,151482
4477,155598
4478,147597
4479,127817
4480,107220
4481,76567.6
4482,39903.8
4483,4773.53
4484,0
4485,0
4486,0
4487,0
4488,0
4489,0
4490,0
4491,0
4492,0
4493,0
4494,0
4495,20069.7
4496,59918.3
4497,92496.4
4498,122585
4499,139385
4500,150416
4501,152806
4502,146790
4503,128685
4504,106435
4505,73973.7
4506,40467.6
4507,4753.05
4508,0
4509,0
4510,0
4511,0
4512,0
4513,0
4514,0
4515,0
4516,0
4517,0
4518,0
4519,14932
4520,58264.6
4521,91191.5
4522,115714
4523,144603
4524,152614
4525,156526
4526,145886
4527,123302
4528,102357
4529,79347.1
4530,37466.6
4531,4407.85
4532,0
4533,0
4534,0
4535,0
4536,0
4537,0
4538,0
4539,0
4540,0
4541,0
4542,0
4543,15506.9
4544,28585.5
4545,69236.6
4546,117439
4547,139461
4548,155273
4549,157441
4550,136252
4551,120797
4552,101474
4553,78007.8
4554,38300.9
4555,4476.69
4556,0
4557,0
4558,0
4559,0
4560,0
4561,0
4562,0
4563,0
4564,0
4565,0
4566,0
4567,24405.2
4568,57644
4569,89295.7
4570,116632
4571,138282
4572,153191
4573,156649
4574,147359
4575,133080
4576,102438
4577,74459.3
4578,37815.5
4579,4392.69
4580,0
4581,0
4582,0
4583,0
4584,0
4585,0
4586,0
4587,0
4588,0
4589,0
4590,0
4591,11167.7
4592,24457.7
4593,60686
4594,116281
4595,138235
4596,152849
4597,154579
4598,135096
4599,131534
4600,105747
4601,77375.3
4602,38734.4
4603,4369.64
4604,0
4605,0
4606,0
4607,0
4608,0
4609,0
4610,0
4611,0
4612,0
4613,0
4614,0
4615,9790.64
4616,22249.8
4617,68921.2
4618,121002
4619,142283
4620,153872
4621,156351
4622,146872
4623,131048
4624,103251
4625,74441
4626,38676
4627,4312.32
4628,0
4629,0
4630,0
4631,0
4632,0
4633,0
4634,0
4635,0
4636,0
4637,0
4638,0
4639,13558.6
4640,57263.7
4641,91755.8
4642,122386
4643,140625
4644,153921
4645,157365
4646,144512
4647,118082
4648,102901
4649,55346.1
4650,38811.5
4651,4316.31
4652,0
4653,0
4654,0
4655,0
4656,0
4657,0
4658,0
4659,0
4660,0
4661,0
4662,0
4663,14732.7
4664,57725.3
4665,89639
4666,121085
4667,139312
4668,149117
4669,149478
4670,145225
4671,126259
4672,104444
4673,65948.4
4674,22773.3
4675,2940.1
4676,0
4677,0
4678,0
4679,0
4680,0
4681,0
4682,0
4683,0
4684,0
4685,0
4686,0
4687,22732.1
4688,54925.4
4689,91235
4690,121730
4691,140324
4692,137193
4693,155352
4694,131352
4695,57135.2
4696,104017
4697,66689.9
4698,38742.7
4699,4158.9
4700,0
4701,0
4702,0
4703,0
4704,0
4705,0
4706,0
4707,0
4708,0
4709,0
4710,0
4711,23305.5
4712,57403.9
4713,89553.4
4714,117877
4715,139728
4716,151504
4717,153682
4718,145482
4719,129885
4720,109440
4721,75899.1
4722,37551.6
4723,3887.16
4724,0
4725,0
4726,0
4727,0
4728,0
4729,0
4730,0
4731,0
4732,0
4733,0
4734,0
4735,14775.7
4736,59206.1
4737,90188.3
4738,117164
4739,138583
4740,147607
4741,151719
4742,146779
4743,129042
4744,107441
4745,75090.8
4746,37438.8
4747,3864.66
4748,0
4749,0
4750,0
4751,0
4752,0
4753,0
4754,0
4755,0
4756,0
4757,0
4758,0
4759,19517.7
4760,56709.8
4761,91050.3
4762,120780
4763,138739
4764,152129
4765,155845
4766,147409
4767,127009
4768,106163
4769,68867.6
4770,37273
4771,3688.87
4772,0
4773,0
4774,0
4775,0
4776,0
4777,0
4778,0
4779,0
4780,0
4781,0
4782,0
4783,19513.3
4784,56222.9
4785,90489.3
4786,118196
4787,137750
4788,149676
4789,151272
4790,144989
4791,129156
4792,108180
4793,75378.1
4794,37335.2
4795,3633.13
4796,0
4797,0
4798,0
4799,0
4800,0
4801,0
4802,0
4803,0
4804,0
4805,0
4806,0
4807,16030.5
4808,54781.7
4809,90468.3
4810,120662
4811,141622
4812,154260
4813,156423
4814,148368
4815,131029
4816,99841.4
4817,69568.3
4818,13601.5
4819,1569.59
4820,0
4821,0
4822,0
4823,0
4824,0
4825,0
4826,0
4827,0
4828,0
4829,0
4830,0
4831,14904.1
4832,51027.5
4833,86473.5
4834,116097
4835,132894
4836,143374
4837,147176
4838,148549
4839,128365
4840,108187
4841,74738.5
4842,36357.9
4843,3288.99
4844,0
4845,0
4846,0
4847,0
4848,0
4849,0
4850,0
4851,0
4852,0
4853,0
4854,0
4855,21017.9
4856,55008.2
4857,88436.9
4858,119396
4859,138089
4860,149446
4861,143970
4862,121575
4863,94031.6
4864,102155
4865,68895.7
4866,36386.9
4867,3257.54
4868,0
4869,0
4870,0
4871,0
4872,0
4873,0
4874,0
4875,0
4876,0
4877,0
4878,0
4879,18582.8
4880,53720.7
4881,90588.6
4882,118769
4883,137850
4884,151435
4885,151767
4886,142516
4887,125934
4888,102499
4889,73671.8
4890,36364.7
4891,3096.79
4892,0
4893,0
4894,0
4895,0
4896,0
4897,0
4898,0
4899,0
4900,0
4901,0
4902,0
4903,18588.3
4904,54266.4
4905,90131.5
4906,120046
4907,138847
4908,150968
4909,152799
4910,143447
4911,127936
4912,106920
4913,73372.7
4914,36932.3
4915,3087.74
4916,0
4917,0
4918,0
4919,0
4920,0
4921,0
4922,0
4923,0
4924,0
4925,0
4926,0
4927,20300.5
4928,53990.6
4929,89142.1
4930,117145
4931,136713
4932,149594
4933,147666
4934,142831
4935,128550
4936,106749
4937,71692.6
4938,37892.4
4939,2969.31
4940,0
4941,0
4942,0
4943,0
4944,0
4945,0
4946,0
4947,0
4948,0
4949,0
4950,0
4951,20337.7
4952,54339.4
4953,88051.4
4954,115929
4955,131817
4956,144230
4957,150550
4958,143536
4959,127801
4960,107965
4961,72505.3
4962,35563.8
4963,2732.93
4964,0
4965,0
4966,0
4967,0
4968,0
4969,0
4970,0
4971,0
4972,0
4973,0
4974,0
4975,18886.8
4976,54649.7
4977,89009.1
4978,118071
4979,137276
4980,143443
4981,149104
4982,144061
4983,126275
4984,108001
4985,71036.6
4986,36323
4987,2594.27
4988,0
4989,0
4990,0
4991,0
4992,0
4993,0
4994,0
4995,0
4996,0
4997,0
4998,0
4999,16421.5
5000,53936.4
5001,84898.7
5002,117895
5003,137392
5004,145718
5005,122377
5006,134015
5007,117037
5008,34288.9
5009,60316.8
5010,34828
5011,2315.9
5012,0
5013,0
5014,0
5015,0
5016,0
5017,0
5018,0
5019,0
5020,0
5021,0
5022,0
5023,20294.5
5024,51110.6
5025,64312.6
5026,94965.5
5027,108079
5028,132868
5029,144494
5030,142085
5031,125771
5032,103491
5033,73579.6
5034,34619.1
5035,2308.51
5036,0
5037,0
5038,0
5039,0
5040,0
5041,0
5042,0
5043,0
5044,0
5045,0
5046,0
5047,14451.6
5048,52234.5
5049,85576.5
5050,115023
5051,137411
5052,138345
5053,138689
5054,143191
5055,123110
5056,101464
5057,68396.2
5058,32789.6
5059,1991.3
5060,0
5061,0
5062,0
5063,0
5064,0
5065,0
5066,0
5067,0
5068,0
5069,0
5070,0
5071,13347.1
5072,51657.8
5073,87928.4
5074,117347
5075,137124
5076,149831
5077,149572
5078,144645
5079,125244
5080,103356
5081,72008.9
5082,30486.3
5083,1778.37
5084,0
5085,0
5086,0
5087,0
5088,0
5089,0
5090,0
5091,0
5092,0
5093,0
5094,0
5095,9796.48
5096,28740.6
5097,85975.3
5098,116494
5099,137348
5100,150623
5101,154473
5102,145896
5103,128940
5104,104431
5105,75717.8
5106,36467.1
5107,1957.12
5108,0
5109,0
5110,0
5111,0
5112,0
5113,0
5114,0
5115,0
5116,0
5117,0
5118,0
5119,12789.1
5120,43727.4
5121,87305.7
5122,113287
5123,134103
5124,146764
5125,149519
5126,138414
5127,120347
5128,97455.4
5129,69434.2
5130,37360.2
5131,1808.94
5132,0
5133,0
5134,0
5135,0
5136,0
5137,0
5138,0
5139,0
5140,0
5141,0
5142,0
5143,19602.8
5144,52261
5145,87018.7
5146,117737
5147,136286
5148,150708
5149,151005
5150,143205
5151,129765
5152,106114
5153,73085.2
5154,37439.5
5155,1690.1
5156,0
5157,0
5158,0
5159,0
5160,0
5161,0
5162,0
5163,0
5164,0
5165,0
5166,0
5167,15008.5
5168,53819.9
5169,85488
5170,116278
5171,135888
5172,147017
5173,148510
5174,142255
5175,123129
5176,99161.9
5177,72082.3
5178,35424.1
5179,1448.6
5180,0
5181,0
5182,0
5183,0
5184,0
5185,0
5186,0
5187,0
5188,0
5189,0
5190,0
5191,18560.7
5192,52390.7
5193,84096.7
5194,111036
5195,131853
5196,146623
5197,146148
5198,140298
5199,40582.7
5200,33445.2
5201,23517.4
5202,9305.67
5203,306.95
5204,0
5205,0
5206,0
5207,0
5208,0
5209,0
5210,0
5211,0
5212,0
5213,0
5214,0
5215,16706.6
5216,51754.8
5217,85443.5
5218,115881
5219,137957
5220,149761
5221,151453
5222,136970
5223,123666
5224,100548
5225,71241.3
5226,37020.5
5227,1315.88
5228,0
5229,0
5230,0
5231,0
5232,0
5233,0
5234,0
5235,0
5236,0
5237,0
5238,0
5239,17711.6
5240,51173.7
5241,84942.2
5242,116116
5243,133882
5244,144724
5245,143535
5246,138638
5247,124186
5248,96043
5249,68541.6
5250,31956.2
5251,1054.12
5252,0
5253,0
5254,0
5255,0
5256,0
5257,0
5258,0
5259,0
5260,0
5261,0
5262,0
5263,11217
5264,23844.7
5265,50945.5
5266,116377
5267,137454
5268,147139
5269,151494
5270,138981
5271,126198
5272,95730.1
5273,68323
5274,29968.5
5275,858.374
5276,0
5277,0
5278,0
5279,0
5280,0
5281,0
5282,0
5283,0
5284,0
5285,0
5286,0
5287,16723.2
5288,52344.5
5289,82911
5290,115541
5291,135984
5292,148333
5293,152817
5294,143777
5295,129597
5296,103987
5297,68883.9
5298,30711.7
5299,689.345
5300,0
5301,0
5302,0
5303,0
5304,0
5305,0
5306,0
5307,0
5308,0
5309,0
5310,0
5311,17429.9
5312,50664.4
5313,85333.2
5314,117379
5315,137007
5316,149417
5317,148842
5318,144260
5319,124295
5320,104669
5321,69701.6
5322,31475.8
5323,650.103
5324,0
5325,0
5326,0
5327,0
5328,0
5329,0
5330,0
5331,0
5332,0
5333,0
5334,0
5335,11079
5336,40494.3
5337,85903.4
5338,116644
5339,138710
5340,149135
5341,149597
5342,144600
5343,124803
5344,103539
5345,68522.2
5346,33075.5
5347,680.566
5348,0
5349,0
5350,0
5351,0
5352,0
5353,0
5354,0
5355,0
5356,0
5357,0
5358,0
5359,14296.1
5360,50867.5
5361,84513.3
5362,119031
5363,138817
5364,150396
5365,148627
5366,133297
5367,126837
5368,100430
5369,69144.4
5370,29987.2
5371,386.481
5372,0
5373,0
5374,0
5375,0
5376,0
5377,0
5378,0
5379,0
5380,0
5381,0
5382,0
5383,15541.3
5384,50793.6
5385,85397.3
5386,118266
5387,137644
5388,149659
5389,150895
5390,145913
5391,126642
5392,100249
5393,68236.7
5394,30872.5
5395,374.316
5396,0
5397,0
5398,0
5399,0
5400,0
5401,0
5402,0
5403,0
5404,0
5405,0
5406,0
5407,14102.2
5408,50597.8
5409,88368.9
5410,116612
5411,136208
5412,150425
5413,152316
5414,143131
5415,124403
5416,98638.9
5417,67752.4
5418,28371.4
5419,312.088
5420,0
5421,0
5422,0
5423,0
5424,0
5425,0
5426,0
5427,0
5428,0
5429,0
5430,0
5431,14001.6
5432,50672.6
5433,85989.1
5434,115737
5435,132025
5436,143003
5437,151422
5438,142779
5439,122916
5440,98976.4
5441,69571.1
5442,29659.4
5443,163.983
5444,0
5445,0
5446,0
5447,0
5448,0
5449,0
5450,0
5451,0
5452,0
5453,0
5454,0
5455,16307.5
5456,51003.7
5457,84938.5
5458,116343
5459,138041
5460,150184
5461,149933
5462,142494
5463,125626
5464,90286
5465,65071
5466,31386.9
5467,0
5468,0
5469,0
5470,0
5471,0
5472,0
5473,0
5474,0
5475,0
5476,0
5477,0
5478,0
5479,16036.6
5480,49722.1
5481,83637.4
5482,115486
5483,138788
5484,118995
5485,149232
5486,139010
5487,127465
5488,100505
5489,65126
5490,27786.2
5491,0
5492,0
5493,0
5494,0
5495,0
5496,0
5497,0
5498,0
5499,0
5500,0
5501,0
5502,0
5503,14559.5
5504,50227.3
5505,82946
5506,110044
5507,128378
5508,136846
5509,141993
5510,132480
5511,119713
5512,100265
5513,69690.3
5514,29629.6
5515,0
5516,0
5517,0
5518,0
5519,0
5520,0
5521,0
5522,0
5523,0
5524,0
5525,0
5526,0
5527,13368.9
5528,49433.6
5529,87375.1
5530,117083
5531,138104
5532,148799
5533,151880
5534,140424
5535,124258
5536,102601
5537,66528.2
5538,26458.1
5539,0
5540,0
5541,0
5542,0
5543,0
5544,0
5545,0
5546,0
5547,0
5548,0
5549,0
5550,0
5551,12910.6
5552,50719
5553,87931.8
5554,117982
5555,138657
5556,149147
5557,153409
5558,145890
5559,128752
5560,101179
5561,69580.9
5562,28561.6
5563,0
5564,0
5565,0
5566,0
5567,0
5568,0
5569,0
5570,0
5571,0
5572,0
5573,0
5574,0
5575,7406.91
5576,16374.3
5577,56402
5578,116607
5579,137553
5580,151687
5581,153523
5582,142555
5583,121352
5584,93126.5
5585,70157.5
5586,24943.7
5587,0
5588,0
5589,0
5590,0
5591,0
5592,0
5593,0
5594,0
5595,0
5596,0
5597,0
5598,0
5599,15706.3
5600,50179.8
5601,86381
5602,115459
5603,139137
5604,151087
5605,148532
5606,138977
5607,125720
5608,98753.6
5609,24392.9
5610,15878.6
5611,0
5612,0
5613,0
5614,0
5615,0
5616,0
5617,0
5618,0
5619,0
5620,0
5621,0
5622,0
5623,14920.8
5624,50861.2
5625,85517.2
5626,117903
5627,138359
5628,151550
5629,151310
5630,144280
5631,128541
5632,103593
5633,64936.5
5634,22529.4
5635,0
5636,0
5637,0
5638,0
5639,0
5640,0
5641,0
5642,0
5643,0
5644,0
5645,0
5646,0
5647,14355.6
5648,49777.2
5649,83909
5650,117638
5651,138621
5652,149949
5653,147927
5654,140926
5655,125468
5656,98669.6
5657,63287.2
5658,24759.6
5659,0
5660,0
5661,0
5662,0
5663,0
5664,0
5665,0
5666,0
5667,0
5668,0
5669,0
5670,0
5671,10933.1
5672,49471
5673,83881.1
5674,116738
5675,138381
5676,147809
5677,147449
5678,141293
5679,125776
5680,100656
5681,64004
5682,26357.1
5683,0
5684,0
5685,0
5686,0
5687,0
5688,0
5689,0
5690,0
5691,0
5692,0
5693,0
5694,0
5695,14274.7
5696,50508.8
5697,86545.8
5698,117888
5699,137115
5700,144854
5701,145499
5702,138211
5703,124945
5704,95391.4
5705,62937.2
5706,21751.7
5707,0
5708,0
5709,0
5710,0
5711,0
5712,0
5713,0
5714,0
5715,0
5716,0
5717,0
5718,0
5719,11523.2
5720,51006.3
5721,83061.7
5722,115380
5723,137250
5724,148886
5725,152245
5726,142495
5727,125929
5728,98555
5729,63807.4
5730,24510.1
5731,0
5732,0
5733,0
5734,0
5735,0
5736,0
5737,0
5738,0
5739,0
5740,0
5741,0
5742,0
5743,9803.5
5744,51266.7
5745,83382.7
5746,117561
5747,138642
5748,149111
5749,148907
5750,139344
5751,122557
5752,98387.4
5753,62463.9
5754,0
5755,0
5756,0
5757,0
5758,0
5759,0
5760,0
5761,0
5762,0
5763,0
5764,0
5765,0
5766,0
5767,7024.31
5768,29041
5769,82170.5
5770,115980
5771,137559
5772,148328
5773,150587
5774,141944
5775,125583
5776,99687.9
5777,62883.4
5778,0
5779,0
5780,0
5781,0
5782,0
5783,0
5784,0
5785,0
5786,0
5787,0
5788,0
5789,0
5790,0
5791,13304.5
5792,49971
5793,85985.1
5794,117612
5795,137107
5796,148139
5797,149725
5798,142628
5799,125055
5800,98453.9
5801,61757.2
5802,0
5803,0
5804,0
5805,0
5806,0
5807,0
5808,0
5809,0
5810,0
5811,0
5812,0
5813,0
5814,0
5815,12124
5816,48147.2
5817,83635.9
5818,115075
5819,137581
5820,141729
5821,148608
5822,140808
5823,125851
5824,101485
5825,64686.8
5826,0
5827,0
5828,0
5829,0
5830,0
5831,0
5832,0
5833,0
5834,0
5835,0
5836,0
5837,0
5838,0
5839,11222.9
5840,39452.9
5841,86601.8
5842,116392
5843,136961
5844,151237
5845,153768
5846,144093
5847,126778
5848,101783
5849,60828.4
5850,0
5851,0
5852,0
5853,0
5854,0
5855,0
5856,0
5857,0
5858,0
5859,0
5860,0
5861,0
5862,0
5863,10386.7
5864,22624.3
5865,70043.6
5866,106782
5867,140845
5868,155939
5869,158494
5870,147541
5871,130003
5872,98502.2
5873,62118.5
5874,0
5875,0
5876,0
5877,0
5878,0
5879,0
5880,0
5881,0
5882,0
5883,0
5884,0
5885,0
5886,0
5887,11573.5
5888,49037.6
5889,87866
5890,116710
5891,136918
5892,152142
5893,152005
5894,145025
5895,126088
5896,99360.4
5897,61961.4
5898,0
5899,0
5900,0
5901,0
5902,0
5903,0
5904,0
5905,0
5906,0
5907,0
5908,0
5909,0
5910,0
5911,6794.51
5912,18251.6
5913,47033.4
5914,107554
5915,136697
5916,151370
5917,151826
5918,144293
5919,123246
5920,99411.8
5921,58851
5922,0
5923,0
5924,0
5925,0
5926,0
5927,0
5928,0
5929,0
5930,0
5931,0
5932,0
5933,0
5934,0
5935,5635.2
5936,14660.7
5937,21790.6
5938,34475.1
5939,128477
5940,145549
5941,140962
5942,135448
5943,115548
5944,94029.7
5945,46326.2
5946,0
5947,0
5948,0
5949,0
5950,0
5951,0
5952,0
5953,0
5954,0
5955,0
5956,0
5957,0
5958,0
5959,11141.8
5960,48509.9
5961,84114.2
5962,111006
5963,136681
5964,147726
5965,150132
5966,143471
5967,123570
5968,94237.1
5969,60170.1
5970,0
5971,0
5972,0
5973,0
5974,0
5975,0
5976,0
5977,0
5978,0
5979,0
5980,0
5981,0
5982,0
5983,8523.44
5984,34395.8
5985,87588.4
5986,115231
5987,138967
5988,148932
5989,153131
5990,143685
5991,121639
5992,95731.9
5993,56686.1
5994,0
5995,0
5996,0
5997,0
5998,0
5999,0
6000,0
6001,0
6002,0
6003,0
6004,0
6005,0
6006,0
6007,10234.1
6008,33940.7
6009,85495.4
6010,115807
6011,137018
6012,151123
6013,147349
6014,138109
6015,100561
6016,38975.4
6017,18339
6018,0
6019,0
6020,0
6021,0
6022,0
6023,0
6024,0
6025,0
6026,0
6027,0
6028,0
6029,0
6030,0
6031,3409.77
6032,46619.4
6033,76986
6034,53532.4
6035,104512
6036,111236
6037,103028
6038,57437.7
6039,111893
6040,46154.9
6041,43971.4
6042,0
6043,0
6044,0
6045,0
6046,0
6047,0
6048,0
6049,0
6050,0
6051,0
6052,0
6053,0
6054,0
6055,10207.7
6056,46662.2
6057,86760
6058,115085
6059,137804
6060,124120
6061,149517
6062,143632
6063,125986
6064,92937.4
6065,54680.2
6066,10915.9
6067,0
6068,0
6069,0
6070,0
6071,0
6072,0
6073,0
6074,0
6075,0
6076,0
6077,0
6078,0
6079,9567.98
6080,47586.9
6081,86194.9
6082,116097
6083,128887
6084,152445
6085,149588
6086,137858
6087,123017
6088,91796.4
6089,53471
6090,10114.8
6091,0
6092,0
6093,0
6094,0
6095,0
6096,0
6097,0
6098,0
6099,0
6100,0
6101,0
6102,0
6103,9209.58
6104,46683.2
6105,86636.7
6106,116741
6107,137030
6108,146171
6109,144779
6110,140504
6111,118111
6112,88714.7
6113,56223.2
6114,10074.4
6115,0
6116,0
6117,0
6118,0
6119,0
6120,0
6121,0
6122,0
6123,0
6124,0
6125,0
6126,0
6127,9090.35
6128,46817.1
6129,82947.9
6130,114769
6131,134485
6132,148593
6133,145650
6134,136543
6135,118578
6136,93214.5
6137,57193.2
6138,9895.46
6139,0
6140,0
6141,0
6142,0
6143,0
6144,0
6145,0
6146,0
6147,0
6148,0
6149,0
6150,0
6151,8366.99
6152,24403.5
6153,82926.3
6154,116373
6155,131599
6156,144705
6157,140379
6158,135427
6159,116059
6160,92202.2
6161,52473.8
6162,8579.79
6163,0
6164,0
6165,0
6166,0
6167,0
6168,0
6169,0
6170,0
6171,0
6172,0
6173,0
6174,0
6175,8681.46
6176,39716.5
6177,79644.8
6178,110680
6179,131941
6180,143927
6181,142231
6182,132425
6183,120156
6184,92038
6185,51020.2
6186,7835.49
6187,0
6188,0
6189,0
6190,0
6191,0
6192,0
6193,0
6194,0
6195,0
6196,0
6197,0
6198,0
6199,5419.82
6200,14586.8
6201,26807.3
6202,68787.5
6203,130946
6204,145474
6205,145470
6206,138368
6207,118847
6208,90833.8
6209,51474.7
6210,7361.21
6211,0
6212,0
6213,0
6214,0
6215,0
6216,0
6217,0
6218,0
6219,0
6220,0
6221,0
6222,0
6223,4480.43
6224,13794.7
6225,18609.3
6226,28308.3
6227,95673.9
6228,143052
6229,144701
6230,135901
6231,116689
6232,85334.5
6233,49483
6234,6481.29
6235,0
6236,0
6237,0
6238,0
6239,0
6240,0
6241,0
6242,0
6243,0
6244,0
6245,0
6246,0
6247,3468.52
6248,10900.1
6249,17100.5
6250,19711.7
6251,23190.4
6252,39815.2
6253,80366.8
6254,93094
6255,112262
6256,87284
6257,52582.1
6258,6640.84
6259,0
6260,0
6261,0
6262,0
6263,0
6264,0
6265,0
6266,0
6267,0
6268,0
6269,0
6270,0
6271,6372.69
6272,43441.8
6273,76538.9
6274,114167
6275,135411
6276,142248
6277,140252
6278,133256
6279,118071
6280,89769.6
6281,49047.5
6282,5558.44
6283,0
6284,0
6285,0
6286,0
6287,0
6288,0
6289,0
6290,0
6291,0
6292,0
6293,0
6294,0
6295,9045.9
6296,46756.8
6297,85228.7
6298,114264
6299,129212
6300,142553
6301,139858
6302,136875
6303,115619
6304,84004.1
6305,23211.5
6306,2075.28
6307,0
6308,0
6309,0
6310,0
6311,0
6312,0
6313,0
6314,0
6315,0
6316,0
6317,0
6318,0
6319,7591.78
6320,8601.86
6321,13648
6322,45742.6
6323,24686.3
6324,29114.2
6325,38542.7
6326,119108
6327,56486.8
6328,48807.4
6329,6233.08
6330,468.438
6331,0
6332,0
6333,0
6334,0
6335,0
6336,0
6337,0
6338,0
6339,0
6340,0
6341,0
6342,0
6343,8622.23
6344,23733
6345,34390.3
6346,47942.5
6347,46506.4
6348,63388.4
6349,28495.5
6350,51843.1
6351,63879.2
6352,36298
6353,42604.3
6354,3293.52
6355,0
6356,0
6357,0
6358,0
6359,0
6360,0
6361,0
6362,0
6363,0
6364,0
6365,0
6366,0
6367,4275.95
6368,20219.9
6369,47029.9
6370,101311
6371,129476
6372,135718
6373,137990
6374,123432
6375,98923.4
6376,51309.7
6377,42335.8
6378,3116.94
6379,0
6380,0
6381,0
6382,0
6383,0
6384,0
6385,0
6386,0
6387,0
6388,0
6389,0
6390,0
6391,4080.05
6392,12965
6393,25004.4
6394,34884.7
6395,121911
6396,138946
6397,136237
6398,108343
6399,43626.5
6400,34821.5
6401,31913.3
6402,1962.91
6403,0
6404,0
6405,0
6406,0
6407,0
6408,0
6409,0
6410,0
6411,0
6412,0
6413,0
6414,0
6415,5352.74
6416,35180.4
6417,82143.8
6418,110763
6419,134552
6420,141452
6421,143495
6422,134355
6423,111675
6424,78401
6425,45587.2
6426,2741.5
6427,0
6428,0
6429,0
6430,0
6431,0
6432,0
6433,0
6434,0
6435,0
6436,0
6437,0
6438,0
6439,6610.84
6440,34866.8
6441,76833.6
6442,106748
6443,132902
6444,141466
6445,135617
6446,134739
6447,108949
6448,81081
6449,48141
6450,2591.72
6451,0
6452,0
6453,0
6454,0
6455,0
6456,0
6457,0
6458,0
6459,0
6460,0
6461,0
6462,0
6463,3088.79
6464,13664
6465,25925.9
6466,62322.4
6467,124017
6468,131389
6469,135268
6470,130779
6471,109463
6472,79748.4
6473,44877.8
6474,1990.54
6475,0
6476,0
6477,0
6478,0
6479,0
6480,0
6481,0
6482,0
6483,0
6484,0
6485,0
6486,0
6487,3687.44
6488,44012.2
6489,79408.6
6490,107521
6491,128545
6492,139524
6493,131821
6494,129556
6495,109433
6496,81919.7
6497,40573.1
6498,1606.89
6499,0
6500,0
6501,0
6502,0
6503,0
6504,0
6505,0
6506,0
6507,0
6508,0
6509,0
6510,0
6511,2679.02
6512,40846.8
6513,74976.8
6514,103712
6515,123060
6516,133148
6517,127984
6518,125971
6519,98785.2
6520,79104.3
6521,36836.4
6522,1154.47
6523,0
6524,0
6525,0
6526,0
6527,0
6528,0
6529,0
6530,0
6531,0
6532,0
6533,0
6534,0
6535,1998.59
6536,40809
6537,77894.1
6538,105633
6539,129236
6540,138218
6541,125786
6542,126446
6543,104019
6544,76168
6545,23597.3
6546,378.652
6547,0
6548,0
6549,0
6550,0
6551,0
6552,0
6553,0
6554,0
6555,0
6556,0
6557,0
6558,0
6559,313.248
6560,10761.7
6561,20798.2
6562,32528.1
6563,51887.9
6564,142912
6565,142175
6566,132920
6567,111789
6568,63457.3
6569,6126.06
6570,590.315
6571,0
6572,0
6573,0
6574,0
6575,0
6576,0
6577,0
6578,0
6579,0
6580,0
6581,0
6582,0
6583,0
6584,16252.9
6585,25392.2
6586,32302.4
6587,36732.5
6588,37923.9
6589,36973.3
6590,41969.9
6591,26897
6592,18244.6
6593,8025.78
6594,1884.07
6595,0
6596,0
6597,0
6598,0
6599,0
6600,0
6601,0
6602,0
6603,0
6604,0
6605,0
6606,0
6607,0
6608,15391
6609,24663.7
6610,72173.2
6611,122178
6612,143451
6613,143137
6614,133526
6615,50320.1
6616,42242.7
6617,7388.19
6618,574.434
6619,0
6620,0
6621,0
6622,0
6623,0
6624,0
6625,0
6626,0
6627,0
6628,0
6629,0
6630,0
6631,0
6632,13134.1
6633,59206.9
6634,62366.4
6635,115603
6636,69048.5
6637,36466.2
6638,32534.2
6639,41194.7
6640,27084.9
6641,20862.1
6642,420.055
6643,0
6644,0
6645,0
6646,0
6647,0
6648,0
6649,0
6650,0
6651,0
6652,0
6653,0
6654,0
6655,0
6656,11263.7
6657,19267.1
6658,30208.9
6659,50214.4
6660,122459
6661,63841.5
6662,29098.7
6663,48154.5
6664,15260.6
6665,6004.59
6666,409.943
6667,0
6668,0
6669,0
6670,0
6671,0
6672,0
6673,0
6674,0
6675,0
6676,0
6677,0
6678,0
6679,0
6680,14705.7
6681,23844.9
6682,30966.7
6683,35464.8
6684,36980.6
6685,35612.9
6686,31652.9
6687,48517.3
6688,16221.7
6689,6498.56
6690,395.468
6691,0
6692,0
6693,0
6694,0
6695,0
6696,0
6697,0
6698,0
6699,0
6700,0
6701,0
6702,0
6703,0
6704,31848.4
6705,46227.7
6706,29968.5
6707,34687.7
6708,36414.1
6709,96450.6
6710,98412.7
6711,105823
6712,50537.7
6713,26663.7
6714,521.884
6715,0
6716,0
6717,0
6718,0
6719,0
6720,0
6721,0
6722,0
6723,0
6724,0
6725,0
6726,0
6727,0
6728,37622.9
6729,75351.1
6730,82742.6
6731,101847
6732,132613
6733,137807
6734,126546
6735,103264
6736,67905.1
6737,25504.6
6738,437.204
6739,0
6740,0
6741,0
6742,0
6743,0
6744,0
6745,0
6746,0
6747,0
6748,0
6749,0
6750,0
6751,0
6752,37630.2
6753,77161.8
6754,42700
6755,122751
6756,111695
6757,109812
6758,67692.1
6759,98602.3
6760,70573.7
6761,25080.4
6762,340.773
6763,0
6764,0
6765,0
6766,0
6767,0
6768,0
6769,0
6770,0
6771,0
6772,0
6773,0
6774,0
6775,0
6776,10882.7
6777,70944.6
6778,109041
6779,97484.3
6780,133925
6781,79724.8
6782,127555
6783,104246
6784,64868
6785,21160.4
6786,240.968
6787,0
6788,0
6789,0
6790,0
6791,0
6792,0
6793,0
6794,0
6795,0
6796,0
6797,0
6798,0
6799,0
6800,29590.7
6801,35821
6802,56467.9
6803,69625.5
6804,79970.5
6805,72461.1
6806,53818.3
6807,77406.8
6808,41446.7
6809,30414.7
6810,213.875
6811,0
6812,0
6813,0
6814,0
6815,0
6816,0
6817,0
6818,0
6819,0
6820,0
6821,0
6822,0
6823,0
6824,37707.3
6825,78489.5
6826,108577
6827,131138
6828,140031
6829,143303
6830,129913
6831,107559
6832,72799.9
6833,29056.1
6834,72.975
6835,0
6836,0
6837,0
6838,0
6839,0
6840,0
6841,0
6842,0
6843,0
6844,0
6845,0
6846,0
6847,0
6848,33419.9
6849,70118.5
6850,101542
6851,116365
6852,132161
6853,130610
6854,117675
6855,90999.2
6856,56727.4
6857,17289
6858,0
6859,0
6860,0
6861,0
6862,0
6863,0
6864,0
6865,0
6866,0
6867,0
6868,0
6869,0
6870,0
6871,0
6872,31940.5
6873,67479.7
6874,99046.3
6875,119331
6876,128754
6877,125377
6878,112274
6879,88654.5
6880,53231.2
6881,15677.2
6882,0
6883,0
6884,0
6885,0
6886,0
6887,0
6888,0
6889,0
6890,0
6891,0
6892,0
6893,0
6894,0
6895,0
6896,33923.6
6897,72558.6
6898,103615
6899,121064
6900,133415
6901,134193
6902,122044
6903,99708.4
6904,65911.3
6905,24550.7
6906,0
6907,0
6908,0
6909,0
6910,0
6911,0
6912,0
6913,0
6914,0
6915,0
6916,0
6917,0
6918,0
6919,0
6920,32977.4
6921,70822.5
6922,101914
6923,120740
6924,130925
6925,130246
6926,118651
6927,95848.9
6928,61020
6929,20079.8
6930,0
6931,0
6932,0
6933,0
6934,0
6935,0
6936,0
6937,0
6938,0
6939,0
6940,0
6941,0
6942,0
6943,0
6944,33620
6945,72622.8
6946,103037
6947,124127
6948,134990
6949,133444
6950,119662
6951,99603.7
6952,66135.8
6953,25149.2
6954,0
6955,0
6956,0
6957,0
6958,0
6959,0
6960,0
6961,0
6962,0
6963,0
6964,0
6965,0
6966,0
6967,0
6968,31883.2
6969,68522.7
6970,98449.1
6971,120344
6972,131643
6973,129117
6974,117491
6975,92274.1
6976,55872.9
6977,15718.8
6978,0
6979,0
6980,0
6981,0
6982,0
6983,0
6984,0
6985,0
6986,0
6987,0
6988,0
6989,0
6990,0
6991,0
6992,34847.8
6993,72603.4
6994,103980
6995,124395
6996,135152
6997,133594
6998,121775
6999,98493.2
7000,63377.2
7001,20793.9
7002,0
7003,0
7004,0
7005,0
7006,0
7007,0
7008,0
7009,0
7010,0
7011,0
7012,0
7013,0
7014,0
7015,0
7016,12246.5
7017,21554.9
7018,101509
7019,123957
7020,134533
7021,132858
7022,120835
7023,86873.2
7024,10101.4
7025,7634.05
7026,0
7027,0
7028,0
7029,0
7030,0
7031,0
7032,0
7033,0
7034,0
7035,0
7036,0
7037,0
7038,0
7039,0
7040,11266.6
7041,66092.9
7042,71687.2
7043,25495.9
7044,41161.8
7045,116489
7046,96234.7
7047,75575.8
7048,57527.1
7049,15918.6
7050,0
7051,0
7052,0
7053,0
7054,0
7055,0
7056,0
7057,0
7058,0
7059,0
7060,0
7061,0
7062,0
7063,0
7064,34303.8
7065,38424
7066,41466.8
7067,111497
7068,129723
7069,114620
7070,104085
7071,85913.2
7072,48500.6
7073,19725.5
7074,0
7075,0
7076,0
7077,0
7078,0
7079,0
7080,0
7081,0
7082,0
7083,0
7084,0
7085,0
7086,0
7087,0
7088,12738.8
7089,22042.6
7090,69831.2
7091,71380.5
7092,32556.1
7093,54512
7094,43423.7
7095,22268.1
7096,13204
7097,3809.98
7098,0
7099,0
7100,0
7101,0
7102,0
7103,0
7104,0
7105,0
7106,0
7107,0
7108,0
7109,0
7110,0
7111,0
7112,11083.5
7113,20347.3
7114,27499.1
7115,50664.2
7116,85239.6
7117,57665.7
7118,43538.9
7119,27992.8
7120,11520.3
7121,10422.8
7122,0
7123,0
7124,0
7125,0
7126,0
7127,0
7128,0
7129,0
7130,0
7131,0
7132,0
7133,0
7134,0
7135,0
7136,29354.3
7137,68645.5
7138,99938.5
7139,120238
7140,128542
7141,126159
7142,115952
7143,93075.3
7144,57303
7145,15899.4
7146,0
7147,0
7148,0
7149,0
7150,0
7151,0
7152,0
7153,0
7154,0
7155,0
7156,0
7157,0
7158,0
7159,0
7160,28312.5
7161,65064.7
7162,95752.2
7163,116624
7164,127430
7165,125322
7166,112086
7167,88649.1
7168,52417.7
7169,12187.7
7170,0
7171,0
7172,0
7173,0
7174,0
7175,0
7176,0
7177,0
7178,0
7179,0
7180,0
7181,0
7182,0
7183,0
7184,29157.9
7185,69148.9
7186,100805
7187,122177
7188,131020
7189,115161
7190,110480
7191,96559.6
7192,29021.8
7193,18024.1
7194,0
7195,0
7196,0
7197,0
7198,0
7199,0
7200,0
7201,0
7202,0
7203,0
7204,0
7205,0
7206,0
7207,0
7208,28689.5
7209,68681.6
7210,100107
7211,121160
7212,130454
7213,131956
7214,120020
7215,96546.1
7216,60487.7
7217,17634
7218,0
7219,0
7220,0
7221,0
7222,0
7223,0
7224,0
7225,0
7226,0
7227,0
7228,0
7229,0
7230,0
7231,0
7232,27141.6
7233,64655.6
7234,92912.3
7235,111280
7236,125776
7237,124310
7238,112824
7239,86891
7240,50676.7
7241,11071
7242,0
7243,0
7244,0
7245,0
7246,0
7247,0
7248,0
7249,0
7250,0
7251,0
7252,0
7253,0
7254,0
7255,0
7256,27211.7
7257,64678
7258,98186.4
7259,117957
7260,128154
7261,125761
7262,114562
7263,91660.7
7264,57510.8
7265,16060.1
7266,0
7267,0
7268,0
7269,0
7270,0
7271,0
7272,0
7273,0
7274,0
7275,0
7276,0
7277,0
7278,0
7279,0
7280,26690.5
7281,63975.4
7282,96654.6
7283,116195
7284,125692
7285,125777
7286,113858
7287,91715.5
7288,56366.5
7289,15064.8
7290,0
7291,0
7292,0
7293,0
7294,0
7295,0
7296,0
7297,0
7298,0
7299,0
7300,0
7301,0
7302,0
7303,0
7304,25011.5
7305,65856.4
7306,91626.9
7307,58071
7308,23262.2
7309,51634.6
7310,104927
7311,63722
7312,42495.1
7313,8223.83
7314,0
7315,0
7316,0
7317,0
7318,0
7319,0
7320,0
7321,0
7322,0
7323,0
7324,0
7325,0
7326,0
7327,0
7328,21981.2
7329,59476.3
7330,33129.2
7331,40475.5
7332,121215
7333,77801.6
7334,90740.6
7335,11279.3
7336,16435.5
7337,2386.38
7338,0
7339,0
7340,0
7341,0
7342,0
7343,0
7344,0
7345,0
7346,0
7347,0
7348,0
7349,0
7350,0
7351,0
7352,27854.6
7353,61724.6
7354,64655.5
7355,44340.2
7356,73178.5
7357,87138.4
7358,61943.3
7359,70643.3
7360,57518.9
7361,10581.8
7362,0
7363,0
7364,0
7365,0
7366,0
7367,0
7368,0
7369,0
7370,0
7371,0
7372,0
7373,0
7374,0
7375,0
7376,25737.4
7377,62522.3
7378,92318.9
7379,113776
7380,123191
7381,124962
7382,112535
7383,91270
7384,57881.1
7385,10689.1
7386,0
7387,0
7388,0
7389,0
7390,0
7391,0
7392,0
7393,0
7394,0
7395,0
7396,0
7397,0
7398,0
7399,0
7400,24623.6
7401,62390.4
7402,91621.9
7403,110940
7404,123908
7405,125492
7406,39331.6
7407,61108.6
7408,56171.4
7409,9657.37
7410,0
7411,0
7412,0
7413,0
7414,0
7415,0
7416,0
7417,0
7418,0
7419,0
7420,0
7421,0
7422,0
7423,0
7424,26800.4
7425,64377.4
7426,90441.3
7427,112163
7428,125847
7429,117696
7430,114131
7431,91520.3
7432,54311.2
7433,9463.44
7434,0
7435,0
7436,0
7437,0
7438,0
7439,0
7440,0
7441,0
7442,0
7443,0
7444,0
7445,0
7446,0
7447,0
7448,21323.6
7449,30610.4
7450,85791.7
7451,49342.5
7452,60362.7
7453,118573
7454,110527
7455,85981.2
7456,54767.2
7457,9145.41
7458,0
7459,0
7460,0
7461,0
7462,0
7463,0
7464,0
7465,0
7466,0
7467,0
7468,0
7469,0
7470,0
7471,0
7472,22594.8
7473,59877.6
7474,91509
7475,97687.2
7476,57693.3
7477,121820
7478,111704
7479,86832.3
7480,35325.8
7481,5081.5
7482,0
7483,0
7484,0
7485,0
7486,0
7487,0
7488,0
7489,0
7490,0
7491,0
7492,0
7493,0
7494,0
7495,0
7496,18373.9
7497,29182.2
7498,30905.2
7499,56406
7500,62899.8
7501,73458.3
7502,44860.5
7503,77238.5
7504,26856.1
7505,3452.73
7506,0
7507,0
7508,0
7509,0
7510,0
7511,0
7512,0
7513,0
7514,0
7515,0
7516,0
7517,0
7518,0
7519,0
7520,18927.8
7521,29196.7
7522,64747.8
7523,105271
7524,98719.2
7525,119813
7526,109804
7527,87529
7528,47669.9
7529,7010.31
7530,0
7531,0
7532,0
7533,0
7534,0
7535,0
7536,0
7537,0
7538,0
7539,0
7540,0
7541,0
7542,0
7543,0
7544,4670.64
7545,9314.03
7546,15372.5
7547,29943.3
7548,106986
7549,58911.5
7550,22884.1
7551,12635.4
7552,18892.4
7553,1800.87
7554,0
7555,0
7556,0
7557,0
7558,0
7559,0
7560,0
7561,0
7562,0
7563,0
7564,0
7565,0
7566,0
7567,0
7568,4704.89
7569,21596.4
7570,26831.5
7571,93785.8
7572,54727.6
7573,94665.6
7574,44095.8
7575,75568.4
7576,52282.1
7577,7078.63
7578,0
7579,0
7580,0
7581,0
7582,0
7583,0
7584,0
7585,0
7586,0
7587,0
7588,0
7589,0
7590,0
7591,0
7592,19951.3
7593,57263.4
7594,86368.4
7595,109101
7596,72004.6
7597,117919
7598,108682
7599,82178.7
7600,46239.3
7601,6122.05
7602,0
7603,0
7604,0
7605,0
7606,0
7607,0
7608,0
7609,0
7610,0
7611,0
7612,0
7613,0
7614,0
7615,0
7616,19976.2
7617,55953.6
7618,87059.3
7619,106915
7620,119785
7621,118953
7622,107253
7623,83379.7
7624,53409.7
7625,6814.62
7626,0
7627,0
7628,0
7629,0
7630,0
7631,0
7632,0
7633,0
7634,0
7635,0
7636,0
7637,0
7638,0
7639,0
7640,20438
7641,45688.2
7642,64444.1
7643,71108.9
7644,110839
7645,81561.3
7646,63557.9
7647,50446.2
7648,49166
7649,5725.71
7650,0
7651,0
7652,0
7653,0
7654,0
7655,0
7656,0
7657,0
7658,0
7659,0
7660,0
7661,0
7662,0
7663,0
7664,6366.23
7665,23172.6
7666,54340.4
7667,89353.2
7668,104363
7669,104864
7670,103213
7671,84809.8
7672,51859.1
7673,6347.18
7674,0
7675,0
7676,0
7677,0
7678,0
7679,0
7680,0
7681,0
7682,0
7683,0
7684,0
7685,0
7686,0
7687,0
7688,17829.5
7689,55714.4
7690,78708.1
7691,97109.6
7692,82702.1
7693,105471
7694,96887.4
7695,69796.5
7696,45430
7697,5164.47
7698,0
7699,0
7700,0
7701,0
7702,0
7703,0
7704,0
7705,0
7706,0
7707,0
7708,0
7709,0
7710,0
7711,0
7712,17293.1
7713,50808.3
7714,83281.2
7715,103939
7716,112117
7717,109340
7718,103023
7719,81701.7
7720,48242.3
7721,5618.62
7722,0
7723,0
7724,0
7725,0
7726,0
7727,0
7728,0
7729,0
7730,0
7731,0
7732,0
7733,0
7734,0
7735,0
7736,16011.3
7737,51851
7738,81900
7739,99203.7
7740,111670
7741,112110
7742,100756
7743,54733.1
7744,43558.2
7745,4325.65
7746,0
7747,0
7748,0
7749,0
7750,0
7751,0
7752,0
7753,0
7754,0
7755,0
7756,0
7757,0
7758,0
7759,0
7760,16266.1
7761,52086.4
7762,84735.8
7763,104819
7764,113554
7765,114749
7766,91003.1
7767,73334
7768,47206.8
7769,4665.1
7770,0
7771,0
7772,0
7773,0
7774,0
7775,0
7776,0
7777,0
7778,0
7779,0
7780,0
7781,0
7782,0
7783,0
7784,12460.8
7785,31887.8
7786,49238.6
7787,47975.7
7788,106852
7789,111876
7790,101330
7791,81884.7
7792,47540.3
7793,4883.11
7794,0
7795,0
7796,0
7797,0
7798,0
7799,0
7800,0
7801,0
7802,0
7803,0
7804,0
7805,0
7806,0
7807,0
7808,17690.7
7809,49280.8
7810,81140.5
7811,101832
7812,117832
7813,114737
7814,104437
7815,84162.4
7816,42914.8
7817,4257.3
7818,0
7819,0
7820,0
7821,0
7822,0
7823,0
7824,0
7825,0
7826,0
7827,0
7828,0
7829,0
7830,0
7831,0
7832,13901.9
7833,48159.8
7834,81444.4
7835,101536
7836,114890
7837,113295
7838,102143
7839,81369.7
7840,48181.6
7841,4867.55
7842,0
7843,0
7844,0
7845,0
7846,0
7847,0
7848,0
7849,0
7850,0
7851,0
7852,0
7853,0
7854,0
7855,0
7856,17191.9
7857,14676.4
7858,53314.8
7859,95045.1
7860,65840.4
7861,64643.1
7862,38214.2
7863,51313.4
7864,19008.5
7865,966.954
7866,0
7867,0
7868,0
7869,0
7870,0
7871,0
7872,0
7873,0
7874,0
7875,0
7876,0
7877,0
7878,0
7879,0
7880,12777.7
7881,48445.1
7882,78812.7
7883,95449.2
7884,113505
7885,115087
7886,99670.6
7887,83625.6
7888,49643.2
7889,4857.05
7890,0
7891,0
7892,0
7893,0
7894,0
7895,0
7896,0
7897,0
7898,0
7899,0
7900,0
7901,0
7902,0
7903,0
7904,12899.1
7905,47876.9
7906,78134.8
7907,98308
7908,112059
7909,112066
7910,99383
7911,80961.5
7912,49026.5
7913,4577.93
7914,0
7915,0
7916,0
7917,0
7918,0
7919,0
7920,0
7921,0
7922,0
7923,0
7924,0
7925,0
7926,0
7927,0
7928,11985.6
7929,46559.1
7930,79971.6
7931,102224
7932,113497
7933,110721
7934,102469
7935,79963
7936,41722.1
7937,3756.68
7938,0
7939,0
7940,0
7941,0
7942,0
7943,0
7944,0
7945,0
7946,0
7947,0
7948,0
7949,0
7950,0
7951,0
7952,13563.6
7953,42255.6
7954,77241.6
7955,91205.1
7956,109274
7957,97373.9
7958,90112.4
7959,66218.9
7960,19236.3
7961,991.34
7962,0
7963,0
7964,0
7965,0
7966,0
7967,0
7968,0
7969,0
7970,0
7971,0
7972,0
7973,0
7974,0
7975,0
7976,11189.1
7977,37412.4
7978,72910.6
7979,92821.1
7980,108116
7981,107052
7982,93550.1
7983,69440.4
7984,46171.7
7985,3880.54
7986,0
7987,0
7988,0
7989,0
7990,0
7991,0
7992,0
7993,0
7994,0
7995,0
7996,0
7997,0
7998,0
7999,0
8000,11514.8
8001,46402.9
8002,74816.1
8003,92626.2
8004,107791
8005,102676
8006,97810.2
8007,73799
8008,45440.7
8009,3897.57
8010,0
8011,0
8012,0
8013,0
8014,0
8015,0
8016,0
8017,0
8018,0
8019,0
8020,0
8021,0
8022,0
8023,0
8024,11124.9
8025,37029.7
8026,73032.4
8027,90561.7
8028,81820.9
8029,87183.4
8030,44288.5
8031,24052.8
8032,16469
8033,622.53
8034,0
8035,0
8036,0
8037,0
8038,0
8039,0
8040,0
8041,0
8042,0
8043,0
8044,0
8045,0
8046,0
8047,0
8048,10707.8
8049,32045
8050,72442.2
8051,97416.5
8052,114172
8053,112045
8054,101436
8055,78797.6
8056,49720.1
8057,4448.08
8058,0
8059,0
8060,0
8061,0
8062,0
8063,0
8064,0
8065,0
8066,0
8067,0
8068,0
8069,0
8070,0
8071,0
8072,8081.35
8073,43392.6
8074,72684
8075,101212
8076,110754
8077,108393
8078,100627
8079,78597.6
8080,46188.1
8081,4128.85
8082,0
8083,0
8084,0
8085,0
8086,0
8087,0
8088,0
8089,0
8090,0
8091,0
8092,0
8093,0
8094,0
8095,0
8096,6996.21
8097,42123
8098,73118
8099,95987.2
8100,98022
8101,82521.5
8102,41417.1
8103,29543.2
8104,28452.9
8105,1985.03
8106,0
8107,0
8108,0
8109,0
8110,0
8111,0
8112,0
8113,0
8114,0
8115,0
8116,0
8117,0
8118,0
8119,0
8120,5976.45
8121,41944.1
8122,72150.6
8123,96057
8124,103561
8125,95527
8126,81504
8127,72230
8128,45714.6
8129,3855.31
8130,0
8131,0
8132,0
8133,0
8134,0
8135,0
8136,0
8137,0
8138,0
8139,0
8140,0
8141,0
8142,0
8143,0
8144,5505.93
8145,33925.8
8146,18052.1
8147,29631.9
8148,60605.6
8149,13984.1
8150,12003
8151,19581.5
8152,16145.9
8153,646.209
8154,0
8155,0
8156,0
8157,0
8158,0
8159,0
8160,0
8161,0
8162,0
8163,0
8164,0
8165,0
8166,0
8167,0
8168,4359.92
8169,42080.5
8170,70718.4
8171,93947.1
8172,106369
8173,109866
8174,99333
8175,79206.7
8176,49103.1
8177,4475.57
8178,0
8179,0
8180,0
8181,0
8182,0
8183,0
8184,0
8185,0
8186,0
8187,0
8188,0
8189,0
8190,0
8191,0
8192,1151.47
8193,20456.5
8194,63834.6
8195,18643.6
8196,16242.4
8197,14151.5
8198,49691.8
8199,44852
8200,22945.6
8201,1450.74
8202,0
8203,0
8204,0
8205,0
8206,0
8207,0
8208,0
8209,0
8210,0
8211,0
8212,0
8213,0
8214,0
8215,0
8216,3030.56
8217,24658.9
8218,54073.4
8219,76690.3
8220,95538.7
8221,91722.2
8222,49739.7
8223,53871.9
8224,40925.5
8225,3342.22
8226,0
8227,0
8228,0
8229,0
8230,0
8231,0
8232,0
8233,0
8234,0
8235,0
8236,0
8237,0
8238,0
8239,0
8240,1672.83
8241,37129.4
8242,34977.6
8243,40668.3
8244,47828.2
8245,61430.1
8246,88805
8247,54544
8248,39661.8
8249,3228.55
8250,0
8251,0
8252,0
8253,0
8254,0
8255,0
8256,0
8257,0
8258,0
8259,0
8260,0
8261,0
8262,0
8263,0
8264,174.968
8265,39544.2
8266,71106.5
8267,92318.7
8268,105153
8269,77435.3
8270,97752.5
8271,54546.5
8272,32240.8
8273,2816.46
8274,0
8275,0
8276,0
8277,0
8278,0
8279,0
8280,0
8281,0
8282,0
8283,0
8284,0
8285,0
8286,0
8287,0
8288,0
8289,22424.9
8290,11006.7
8291,32470.4
8292,50173.5
8293,19526.7
8294,87175.2
8295,37917.8
8296,34921.9
8297,2857.46
8298,0
8299,0
8300,0
8301,0
8302,0
8303,0
8304,0
8305,0
8306,0
8307,0
8308,0
8309,0
8310,0
8311,0
8312,0
8313,39575.7
8314,72957.6
8315,93388.7
8316,90702.7
8317,88730.9
8318,93861.3
8319,72344.7
8320,46048.8
8321,4157.3
8322,0
8323,0
8324,0
8325,0
8326,0
8327,0
8328,0
8329,0
8330,0
8331,0
8332,0
8333,0
8334,0
8335,0
8336,0
8337,38946.4
8338,69796.3
8339,95261.4
8340,83014.4
8341,105137
8342,95899.3
8343,74191
8344,45790.4
8345,4354.51
8346,0
8347,0
8348,0
8349,0
8350,0
8351,0
8352,0
8353,0
8354,0
8355,0
8356,0
8357,0
8358,0
8359,0
8360,0
8361,38744.1
8362,70629.1
8363,95154.7
8364,108517
8365,108821
8366,99609.4
8367,79390.4
8368,48807.2
8369,5153.26
8370,0
8371,0
8372,0
8373,0
8374,0
8375,0
8376,0
8377,0
8378,0
8379,0
8380,0
8381,0
8382,0
8383,0
8384,0
8385,36371.1
8386,67188.7
8387,89857.4
8388,104128
8389,104428
8390,94341.1
8391,71511.4
8392,46501.4
8393,4857.44
8394,0
8395,0
8396,0
8397,0
8398,0
8399,0
8400,0
8401,0
8402,0
8403,0
8404,0
8405,0
8406,0
8407,0
8408,0
8409,32741.4
8410,67683.3
8411,67487.5
8412,99572.7
8413,99059.8
8414,96649.1
8415,55259.7
8416,8518.75
8417,465.401
8418,0
8419,0
8420,0
8421,0
8422,0
8423,0
8424,0
8425,0
8426,0
8427,0
8428,0
8429,0
8430,0
8431,0
8432,0
8433,35159.4
8434,66569
8435,93992.9
8436,107655
8437,107956
8438,98827.7
8439,82593.8
8440,49961.5
8441,5593.24
8442,0
8443,0
8444,0
8445,0
8446,0
8447,0
8448,0
8449,0
8450,0
8451,0
8452,0
8453,0
8454,0
8455,0
8456,0
8457,34092.5
8458,68058.3
8459,86499.1
8460,101289
8461,102546
8462,95330.2
8463,75814.6
8464,48137.1
8465,5467.11
8466,0
8467,0
8468,0
8469,0
8470,0
8471,0
8472,0
8473,0
8474,0
8475,0
8476,0
8477,0
8478,0
8479,0
8480,0
8481,35051.4
8482,66180.7
8483,89532
8484,104716
8485,106282
8486,87069.9
8487,73763.9
8488,45982.5
8489,5151.21
8490,0
8491,0
8492,0
8493,0
8494,0
8495,0
8496,0
8497,0
8498,0
8499,0
8500,0
8501,0
8502,0
8503,0
8504,0
8505,35283.5
8506,68936.7
8507,91870.9
8508,103181
8509,107747
8510,96720
8511,82873.8
8512,49036.3
8513,6169.99
8514,0
8515,0
8516,0
8517,0
8518,0
8519,0
8520,0
8521,0
8522,0
8523,0
8524,0
8525,0
8526,0
8527,0
8528,0
8529,35735.3
8530,63324
8531,83827.7
8532,98327.1
8533,105043
8534,96281.1
8535,71577.5
8536,48581.2
8537,5946.38
8538,0
8539,0
8540,0
8541,0
8542,0
8543,0
8544,0
8545,0
8546,0
8547,0
8548,0
8549,0
8550,0
8551,0
8552,0
8553,34980.8
8554,67143.5
8555,86481.6
8556,94181.6
8557,92287.1
8558,91076.9
8559,71596.2
8560,48329.2
8561,6010.89
8562,0
8563,0
8564,0
8565,0
8566,0
8567,0
8568,0
8569,0
8570,0
8571,0
8572,0
8573,0
8574,0
8575,0
8576,0
8577,35514.6
8578,69247.4
8579,90469.5
8580,107827
8581,106046
8582,100812
8583,77763.1
8584,50372.5
8585,6733.35
8586,0
8587,0
8588,0
8589,0
8590,0
8591,0
8592,0
8593,0
8594,0
8595,0
8596,0
8597,0
8598,0
8599,0
8600,0
8601,33998.3
8602,64290.6
8603,87835.4
8604,101606
8605,101763
8606,100065
8607,81236.5
8608,51225.9
8609,7256.63
8610,0
8611,0
8612,0
8613,0
8614,0
8615,0
8616,0
8617,0
8618,0
8619,0
8620,0
8621,0
8622,0
8623,0
8624,0
8625,34386.3
8626,65936.2
8627,91820.9
8628,99642.9
8629,102716
8630,95054.8
8631,80970.1
8632,51163.8
8633,7452.15
8634,0
8635,0
8636,0
8637,0
8638,0
8639,0
8640,0
8641,0
8642,0
8643,0
8644,0
8645,0
8646,0
8647,0
8648,0
8649,33850.3
8650,65847.9
8651,88610.9
8652,101308
8653,102761
8654,98283
8655,81110.4
8656,50316.6
8657,7541.86
8658,0
8659,0
8660,0
8661,0
8662,0
8663,0
8664,0
8665,0
8666,0
8667,0
8668,0
8669,0
8670,0
8671,0
8672,0
8673,33443.4
8674,64423.1
8675,91304.5
8676,104846
8677,107532
8678,97719.5
8679,81209.5
8680,50738.9
8681,8081.95
8682,0
8683,0
8684,0
8685,0
8686,0
8687,0
8688,0
8689,0
8690,0
8691,0
8692,0
8693,0
8694,0
8695,0
8696,0
8697,33385.1
8698,62066.8
8699,87087.4
8700,103290
8701,104487
8702,97843.5
8703,77451.4
8704,49179.5
8705,7937.44
8706,0
8707,0
8708,0
8709,0
8710,0
8711,0
8712,0
8713,0
8714,0
8715,0
8716,0
8717,0
8718,0
8719,0
8720,0
8721,33011.9
8722,65482
8723,91051.4
8724,106344
8725,108698
8726,97594.9
8727,77982.3
8728,49588.6
8729,8172.34
8730,0
8731,0
8732,0
8733,0
8734,0
8735,0
8736,0
8737,0
8738,0
8739,0
8740,0
8741,0
8742,0
8743,0
8744,0
8745,33069.9
8746,61328
8747,87279.8
8748,101901
8749,104102
8750,86600.5
8751,64898.2
8752,52031.3
8753,8957.08
8754,0
8755,0
8756,0
8757,0
8758,0
8759,0
8760,0
