#1
double pv_profile (8760,2)

1,0
2,0
3,0
4,0
5,0
6,0
7,0
8,0
9,74406.9
10,100676
11,21419.9
12,36342.8
13,97447
14,52113.7
15,39036.6
16,51841.7
17,9590.85
18,0
19,0
20,0
21,0
22,0
23,0
24,0
25,0
26,0
27,0
28,0
29,0
30,0
31,0
32,0
33,23567.3
34,106388
35,159623
36,187433
37,188845
38,170020
39,151078
40,106862
41,21894.4
42,0
43,0
44,0
45,0
46,0
47,0
48,0
49,0
50,0
51,0
52,0
53,0
54,0
55,0
56,0
57,73617.3
58,127104
59,162194
60,175659
61,179258
62,175672
63,149349
64,106750
65,23144.4
66,0
67,0
68,0
69,0
70,0
71,0
72,0
73,0
74,0
75,0
76,0
77,0
78,0
79,0
80,0
81,72516.5
82,125009
83,159738
84,180722
85,184134
86,173819
87,148068
88,108264
89,23647.3
90,0
91,0
92,0
93,0
94,0
95,0
96,0
97,0
98,0
99,0
100,0
101,0
102,0
103,0
104,0
105,71263
106,129200
107,156310
108,181473
109,184187
110,169468
111,140848
112,105181
113,23666.9
114,0
115,0
116,0
117,0
118,0
119,0
120,0
121,0
122,0
123,0
124,0
125,0
126,0
127,0
128,0
129,68985.9
130,120498
131,151828
132,178658
133,176303
134,174274
135,150225
136,110243
137,26004.6
138,0
139,0
140,0
141,0
142,0
143,0
144,0
145,0
146,0
147,0
148,0
149,0
150,0
151,0
152,0
153,65202.6
154,113453
155,135762
156,162480
157,150915
158,94227.4
159,122680
160,94929.8
161,23530.3
162,0
163,0
164,0
165,0
166,0
167,0
168,0
169,0
170,0
171,0
172,0
173,0
174,0
175,0
176,0
177,70442.7
178,126549
179,159949
180,181084
181,173272
182,171219
183,137602
184,104503
185,26111.3
186,0
187,0
188,0
189,0
190,0
191,0
192,0
193,0
194,0
195,0
196,0
197,0
198,0
199,0
200,0
201,70262.8
202,128834
203,136613
204,163930
205,182431
206,168086
207,132198
208,59680.7
209,14612.7
210,0
211,0
212,0
213,0
214,0
215,0
216,0
217,0
218,0
219,0
220,0
221,0
222,0
223,0
224,0
225,72710
226,123236
227,158917
228,181559
229,184563
230,170422
231,148446
232,113931
233,30662.2
234,0
235,0
236,0
237,0
238,0
239,0
240,0
241,0
242,0
243,0
244,0
245,0
246,0
247,0
248,0
249,71679.1
250,128399
251,158910
252,177455
253,183800
254,176664
255,141060
256,105204
257,29001.4
258,0
259,0
260,0
261,0
262,0
263,0
264,0
265,0
266,0
267,0
268,0
269,0
270,0
271,0
272,0
273,66691.5
274,118705
275,159021
276,178001
277,172187
278,172084
279,149012
280,112939
281,0
282,0
283,0
284,0
285,0
286,0
287,0
288,0
289,0
290,0
291,0
292,0
293,0
294,0
295,0
296,0
297,74022.3
298,122181
299,146930
300,155861
301,171952
302,162390
303,138431
304,105385
305,0
306,0
307,0
308,0
309,0
310,0
311,0
312,0
313,0
314,0
315,0
316,0
317,0
318,0
319,0
320,0
321,49009.6
322,127341
323,158170
324,175165
325,183662
326,170744
327,146192
328,90131.7
329,0
330,0
331,0
332,0
333,0
334,0
335,0
336,0
337,0
338,0
339,0
340,0
341,0
342,0
343,0
344,0
345,35309.9
346,57037.3
347,87404.8
348,121212
349,72438.2
350,23520.4
351,121463
352,107309
353,0
354,0
355,0
356,0
357,0
358,0
359,0
360,0
361,0
362,0
363,0
364,0
365,0
366,0
367,0
368,0
369,42640.2
370,64451.7
371,79100.8
372,93124.2
373,88680.6
374,80129
375,66050.5
376,42333.1
377,0
378,0
379,0
380,0
381,0
382,0
383,0
384,0
385,0
386,0
387,0
388,0
389,0
390,0
391,0
392,0
393,53714
394,92201.4
395,49885.4
396,41486.1
397,43236.1
398,76232
399,26070.3
400,26500
401,0
402,0
403,0
404,0
405,0
406,0
407,0
408,0
409,0
410,0
411,0
412,0
413,0
414,0
415,0
416,0
417,66373.6
418,63705.5
419,148108
420,155650
421,177426
422,176679
423,155073
424,93670.5
425,0
426,0
427,0
428,0
429,0
430,0
431,0
432,0
433,0
434,0
435,0
436,0
437,0
438,0
439,0
440,0
441,53162.6
442,121437
443,156435
444,168884
445,167681
446,121782
447,126883
448,89270.6
449,0
450,0
451,0
452,0
453,0
454,0
455,0
456,0
457,0
458,0
459,0
460,0
461,0
462,0
463,0
464,0
465,75426.3
466,129775
467,160813
468,176530
469,187705
470,167213
471,72662.4
472,102384
473,0
474,0
475,0
476,0
477,0
478,0
479,0
480,0
481,0
482,0
483,0
484,0
485,0
486,0
487,0
488,0
489,65553
490,107627
491,139201
492,152133
493,187100
494,181718
495,160506
496,119789
497,0
498,0
499,0
500,0
501,0
502,0
503,0
504,0
505,0
506,0
507,0
508,0
509,0
510,0
511,0
512,0
513,79334.6
514,130956
515,156468
516,181501
517,184529
518,180590
519,150954
520,80824.3
521,0
522,0
523,0
524,0
525,0
526,0
527,0
528,0
529,0
530,0
531,0
532,0
533,0
534,0
535,0
536,0
537,77793.2
538,125807
539,93456.9
540,35925.7
541,38330.9
542,159039
543,69893.8
544,64007
545,0
546,0
547,0
548,0
549,0
550,0
551,0
552,0
553,0
554,0
555,0
556,0
557,0
558,0
559,0
560,0
561,77661.5
562,114451
563,107817
564,112774
565,69771.2
566,58228.8
567,103961
568,79610.8
569,0
570,0
571,0
572,0
573,0
574,0
575,0
576,0
577,0
578,0
579,0
580,0
581,0
582,0
583,0
584,0
585,23532.3
586,15650.3
587,15647.5
588,17702.5
589,17427
590,20098.4
591,75192.7
592,28963.8
593,0
594,0
595,0
596,0
597,0
598,0
599,0
600,0
601,0
602,0
603,0
604,0
605,0
606,0
607,0
608,0
609,83396.4
610,125020
611,168059
612,181067
613,185071
614,183738
615,165804
616,128159
617,0
618,0
619,0
620,0
621,0
622,0
623,0
624,0
625,0
626,0
627,0
628,0
629,0
630,0
631,0
632,0
633,84726.7
634,134259
635,165995
636,183362
637,188875
638,186417
639,167014
640,127752
641,0
642,0
643,0
644,0
645,0
646,0
647,0
648,0
649,0
650,0
651,0
652,0
653,0
654,0
655,0
656,0
657,82330.4
658,117137
659,166178
660,187070
661,186905
662,175977
663,152747
664,112307
665,0
666,0
667,0
668,0
669,0
670,0
671,0
672,0
673,0
674,0
675,0
676,0
677,0
678,0
679,0
680,0
681,75414.6
682,136311
683,167570
684,188639
685,191431
686,150763
687,146687
688,24430.6
689,0
690,0
691,0
692,0
693,0
694,0
695,0
696,0
697,0
698,0
699,0
700,0
701,0
702,0
703,0
704,0
705,61237.9
706,115270
707,159667
708,177474
709,123850
710,124950
711,146181
712,121590
713,66601.3
714,0
715,0
716,0
717,0
718,0
719,0
720,0
721,0
722,0
723,0
724,0
725,0
726,0
727,0
728,0
729,15198.9
730,61551.6
731,101357
732,107089
733,106013
734,145914
735,147928
736,104748
737,62235.5
738,0
739,0
740,0
741,0
742,0
743,0
744,0
745,0
746,0
747,0
748,0
749,0
750,0
751,0
752,0
753,70103.3
754,115205
755,155562
756,170633
757,170189
758,168368
759,138774
760,114240
761,64821.5
762,0
763,0
764,0
765,0
766,0
767,0
768,0
769,0
770,0
771,0
772,0
773,0
774,0
775,0
776,0
777,80589.1
778,129820
779,163668
780,179304
781,192230
782,178640
783,160693
784,114876
785,46290.9
786,0
787,0
788,0
789,0
790,0
791,0
792,0
793,0
794,0
795,0
796,0
797,0
798,0
799,0
800,342.05
801,78053
802,132035
803,163220
804,173128
805,186105
806,174302
807,151870
808,106249
809,60580.5
810,0
811,0
812,0
813,0
814,0
815,0
816,0
817,0
818,0
819,0
820,0
821,0
822,0
823,0
824,2959.24
825,80615
826,104314
827,156783
828,171860
829,176030
830,105199
831,145022
832,118542
833,69728.3
834,0
835,0
836,0
837,0
838,0
839,0
840,0
841,0
842,0
843,0
844,0
845,0
846,0
847,0
848,6459.88
849,64350.3
850,127305
851,162935
852,186460
853,186276
854,174628
855,154486
856,108557
857,65897.8
858,0
859,0
860,0
861,0
862,0
863,0
864,0
865,0
866,0
867,0
868,0
869,0
870,0
871,0
872,7565.31
873,86597.4
874,135326
875,165278
876,188305
877,193033
878,165731
879,146615
880,116650
881,60166.2
882,0
883,0
884,0
885,0
886,0
887,0
888,0
889,0
890,0
891,0
892,0
893,0
894,0
895,0
896,9862.3
897,81140.5
898,114598
899,172116
900,181084
901,98282.9
902,85083.9
903,77726.5
904,115021
905,71123.2
906,0
907,0
908,0
909,0
910,0
911,0
912,0
913,0
914,0
915,0
916,0
917,0
918,0
919,0
920,11725
921,88657.4
922,137255
923,159791
924,184756
925,194226
926,175361
927,92751.8
928,109483
929,66065.7
930,0
931,0
932,0
933,0
934,0
935,0
936,0
937,0
938,0
939,0
940,0
941,0
942,0
943,0
944,12527.7
945,81241.1
946,111841
947,138050
948,159395
949,183291
950,175191
951,151646
952,123240
953,71831.4
954,0
955,0
956,0
957,0
958,0
959,0
960,0
961,0
962,0
963,0
964,0
965,0
966,0
967,0
968,5791.51
969,24522.9
970,81383.8
971,101439
972,96601.7
973,61098.8
974,56235.1
975,60789.6
976,40720
977,39136.7
978,0
979,0
980,0
981,0
982,0
983,0
984,0
985,0
986,0
987,0
988,0
989,0
990,0
991,0
992,3163.68
993,13585.3
994,48563.6
995,28501.9
996,48286.3
997,52985.7
998,47500.4
999,44236.3
1000,58635
1001,25890.2
1002,0
1003,0
1004,0
1005,0
1006,0
1007,0
1008,0
1009,0
1010,0
1011,0
1012,0
1013,0
1014,0
1015,0
1016,3180.82
1017,14374.7
1018,15901
1019,18721.5
1020,20768.4
1021,21792.4
1022,18567.4
1023,16668
1024,18843.2
1025,25276.8
1026,0
1027,0
1028,0
1029,0
1030,0
1031,0
1032,0
1033,0
1034,0
1035,0
1036,0
1037,0
1038,0
1039,0
1040,17428.4
1041,23998.8
1042,37695
1043,59673
1044,58984
1045,49382.2
1046,69349.9
1047,32550.8
1048,64646.6
1049,55438.7
1050,1206.72
1051,0
1052,0
1053,0
1054,0
1055,0
1056,0
1057,0
1058,0
1059,0
1060,0
1061,0
1062,0
1063,0
1064,18057.6
1065,83697.6
1066,104669
1067,42640.6
1068,180494
1069,65950.7
1070,189911
1071,170936
1072,130190
1073,74712.1
1074,2849.9
1075,0
1076,0
1077,0
1078,0
1079,0
1080,0
1081,0
1082,0
1083,0
1084,0
1085,0
1086,0
1087,0
1088,21627
1089,84542.2
1090,102956
1091,131259
1092,143047
1093,178491
1094,183547
1095,50908.1
1096,93216.6
1097,65199.1
1098,2382.07
1099,0
1100,0
1101,0
1102,0
1103,0
1104,0
1105,0
1106,0
1107,0
1108,0
1109,0
1110,0
1111,0
1112,23124.3
1113,79388.8
1114,114538
1115,143384
1116,157839
1117,130124
1118,137145
1119,165170
1120,104814
1121,68079.1
1122,2966.3
1123,0
1124,0
1125,0
1126,0
1127,0
1128,0
1129,0
1130,0
1131,0
1132,0
1133,0
1134,0
1135,0
1136,19475.1
1137,39982.4
1138,135136
1139,120900
1140,158364
1141,84148
1142,78189.9
1143,18975.6
1144,38612.2
1145,40507.2
1146,1558.78
1147,0
1148,0
1149,0
1150,0
1151,0
1152,0
1153,0
1154,0
1155,0
1156,0
1157,0
1158,0
1159,0
1160,11464.8
1161,17366.3
1162,45103.9
1163,159385
1164,170521
1165,192018
1166,115675
1167,165803
1168,118776
1169,70382.2
1170,4094.33
1171,0
1172,0
1173,0
1174,0
1175,0
1176,0
1177,0
1178,0
1179,0
1180,0
1181,0
1182,0
1183,0
1184,28662.3
1185,92791.3
1186,131338
1187,170303
1188,193869
1189,203472
1190,194759
1191,168046
1192,100261
1193,68134.1
1194,4121.88
1195,0
1196,0
1197,0
1198,0
1199,0
1200,0
1201,0
1202,0
1203,0
1204,0
1205,0
1206,0
1207,0
1208,29170
1209,93241.1
1210,144858
1211,179894
1212,199376
1213,202742
1214,198162
1215,171558
1216,134341
1217,80506.5
1218,6301.12
1219,0
1220,0
1221,0
1222,0
1223,0
1224,0
1225,0
1226,0
1227,0
1228,0
1229,0
1230,0
1231,0
1232,31561.2
1233,95156
1234,139112
1235,174525
1236,191723
1237,186949
1238,186698
1239,170386
1240,123882
1241,76508.9
1242,6158.6
1243,0
1244,0
1245,0
1246,0
1247,0
1248,0
1249,0
1250,0
1251,0
1252,0
1253,0
1254,0
1255,0
1256,30975.4
1257,89155.8
1258,137658
1259,175083
1260,197265
1261,201977
1262,187389
1263,173732
1264,139623
1265,82756.9
1266,7702.46
1267,0
1268,0
1269,0
1270,0
1271,0
1272,0
1273,0
1274,0
1275,0
1276,0
1277,0
1278,0
1279,0
1280,23613.5
1281,66047.3
1282,82660.3
1283,111619
1284,161917
1285,87823.1
1286,34091.2
1287,32260.8
1288,87125.3
1289,16292.4
1290,518.396
1291,0
1292,0
1293,0
1294,0
1295,0
1296,0
1297,0
1298,0
1299,0
1300,0
1301,0
1302,0
1303,0
1304,19453.5
1305,29286.3
1306,90105.9
1307,67429.7
1308,61512.5
1309,69494.1
1310,96452.9
1311,54127.1
1312,34361.7
1313,42747.9
1314,3431.72
1315,0
1316,0
1317,0
1318,0
1319,0
1320,0
1321,0
1322,0
1323,0
1324,0
1325,0
1326,0
1327,0
1328,5056.83
1329,34798.6
1330,41774
1331,42733.1
1332,110898
1333,23305.2
1334,54888.3
1335,17600.4
1336,21142.8
1337,7812.79
1338,350.693
1339,0
1340,0
1341,0
1342,0
1343,0
1344,0
1345,0
1346,0
1347,0
1348,0
1349,0
1350,0
1351,0
1352,15214.3
1353,59821.9
1354,136065
1355,123998
1356,122745
1357,141515
1358,139238
1359,41027.7
1360,136566
1361,86727
1362,9862.58
1363,0
1364,0
1365,0
1366,0
1367,0
1368,0
1369,0
1370,0
1371,0
1372,0
1373,0
1374,0
1375,0
1376,17125.5
1377,77637.4
1378,30257.7
1379,33022.2
1380,118213
1381,42014.5
1382,38528.6
1383,157588
1384,108100
1385,7554.34
1386,352.399
1387,0
1388,0
1389,0
1390,0
1391,0
1392,0
1393,0
1394,0
1395,0
1396,0
1397,0
1398,0
1399,0
1400,24171.2
1401,35509.9
1402,52515
1403,22193
1404,45495.5
1405,157917
1406,160112
1407,157808
1408,89299.5
1409,64790.4
1410,6979.8
1411,0
1412,0
1413,0
1414,0
1415,0
1416,0
1417,0
1418,0
1419,0
1420,0
1421,0
1422,0
1423,0
1424,37151.2
1425,93721.3
1426,139577
1427,171641
1428,192674
1429,198722
1430,193981
1431,168504
1432,132828
1433,80190.1
1434,10091.2
1435,0
1436,0
1437,0
1438,0
1439,0
1440,0
1441,0
1442,0
1443,0
1444,0
1445,0
1446,0
1447,0
1448,36567.9
1449,90488.3
1450,98097
1451,160826
1452,176656
1453,182522
1454,184488
1455,166274
1456,132000
1457,77569.5
1458,10277.5
1459,0
1460,0
1461,0
1462,0
1463,0
1464,0
1465,0
1466,0
1467,0
1468,0
1469,0
1470,0
1471,0
1472,14635
1473,41479
1474,64053.4
1475,133713
1476,170121
1477,106050
1478,155712
1479,121476
1480,99466.2
1481,74274.4
1482,9866.13
1483,0
1484,0
1485,0
1486,0
1487,0
1488,0
1489,0
1490,0
1491,0
1492,0
1493,0
1494,0
1495,0
1496,28427.3
1497,56355.1
1498,77875.5
1499,95979.4
1500,153199
1501,112644
1502,87812.7
1503,69244.8
1504,53397.2
1505,48843.6
1506,5950.74
1507,0
1508,0
1509,0
1510,0
1511,0
1512,0
1513,0
1514,0
1515,0
1516,0
1517,0
1518,0
1519,0
1520,31941.4
1521,52912.7
1522,108699
1523,57879.2
1524,117487
1525,81015.5
1526,127777
1527,97026.4
1528,108561
1529,75853
1530,10952.4
1531,0
1532,0
1533,0
1534,0
1535,0
1536,0
1537,0
1538,0
1539,0
1540,0
1541,0
1542,0
1543,0
1544,18897
1545,53053.2
1546,56101
1547,64610.6
1548,67912.8
1549,78273.5
1550,129533
1551,80871.1
1552,128196
1553,46799.5
1554,6274.93
1555,0
1556,0
1557,0
1558,0
1559,0
1560,0
1561,0
1562,0
1563,0
1564,0
1565,0
1566,0
1567,0
1568,41642.3
1569,101200
1570,146801
1571,173292
1572,200524
1573,205940
1574,196683
1575,176213
1576,137391
1577,79099.9
1578,12315.6
1579,0
1580,0
1581,0
1582,0
1583,0
1584,0
1585,0
1586,0
1587,0
1588,0
1589,0
1590,0
1591,0
1592,41960.2
1593,100302
1594,145943
1595,171104
1596,193913
1597,199404
1598,194824
1599,176970
1600,135829
1601,81666.5
1602,13160
1603,0
1604,0
1605,0
1606,0
1607,0
1608,0
1609,0
1610,0
1611,0
1612,0
1613,0
1614,0
1615,0
1616,41196.9
1617,94321.9
1618,139173
1619,172372
1620,192032
1621,166287
1622,177513
1623,147850
1624,114630
1625,72330.6
1626,12002.8
1627,0
1628,0
1629,0
1630,0
1631,0
1632,0
1633,0
1634,0
1635,0
1636,0
1637,0
1638,0
1639,0
1640,43243.9
1641,100499
1642,141957
1643,173429
1644,193944
1645,199505
1646,190397
1647,167622
1648,129302
1649,81029.1
1650,13860.5
1651,0
1652,0
1653,0
1654,0
1655,0
1656,0
1657,0
1658,0
1659,0
1660,0
1661,0
1662,0
1663,0
1664,43245.6
1665,99015.8
1666,138938
1667,175158
1668,194968
1669,199467
1670,190069
1671,168958
1672,131799
1673,80013.8
1674,13944.5
1675,0
1676,0
1677,0
1678,0
1679,0
1680,0
1681,0
1682,0
1683,0
1684,0
1685,0
1686,0
1687,0
1688,44168.5
1689,102217
1690,143612
1691,169429
1692,196627
1693,195787
1694,146113
1695,153588
1696,60632.8
1697,50691
1698,8253.69
1699,0
1700,0
1701,0
1702,0
1703,0
1704,0
1705,0
1706,0
1707,0
1708,0
1709,0
1710,0
1711,0
1712,34142
1713,82623.4
1714,65406.9
1715,52990.8
1716,71348.6
1717,100789
1718,115117
1719,88930.7
1720,97512.8
1721,75679.2
1722,13344.7
1723,0
1724,0
1725,0
1726,0
1727,0
1728,0
1729,0
1730,0
1731,0
1732,0
1733,0
1734,0
1735,0
1736,35340.6
1737,85225.5
1738,73034
1739,85232
1740,24201.5
1741,83145.3
1742,46135.5
1743,109202
1744,60618
1745,69464.8
1746,12404
1747,0
1748,0
1749,0
1750,0
1751,0
1752,0
1753,0
1754,0
1755,0
1756,0
1757,0
1758,0
1759,0
1760,36679.8
1761,67547.6
1762,74849.2
1763,124391
1764,171196
1765,193261
1766,173945
1767,143573
1768,93685.4
1769,44512.3
1770,7079.68
1771,0
1772,0
1773,0
1774,0
1775,0
1776,0
1777,0
1778,0
1779,0
1780,0
1781,0
1782,0
1783,0
1784,16114.1
1785,35094
1786,24026.9
1787,24244
1788,32385.3
1789,27142.8
1790,49632.1
1791,54162.5
1792,16786.9
1793,14385.4
1794,1954.55
1795,0
1796,0
1797,0
1798,0
1799,0
1800,0
1801,0
1802,0
1803,0
1804,0
1805,0
1806,0
1807,0
1808,42351.7
1809,93219.9
1810,60266.8
1811,48411.3
1812,104802
1813,62881.9
1814,61983.7
1815,85969.7
1816,39178.5
1817,32481.1
1818,5134.6
1819,0
1820,0
1821,0
1822,0
1823,0
1824,0
1825,0
1826,0
1827,0
1828,0
1829,0
1830,0
1831,0
1832,45013.7
1833,72066.7
1834,130235
1835,134726
1836,174630
1837,174193
1838,104238
1839,76104.2
1840,37210.4
1841,31694.3
1842,5131.29
1843,0
1844,0
1845,0
1846,0
1847,0
1848,0
1849,0
1850,0
1851,0
1852,0
1853,0
1854,0
1855,0
1856,48499
1857,98996.3
1858,148027
1859,180530
1860,199809
1861,205446
1862,196466
1863,171663
1864,134124
1865,84659.9
1866,17419.7
1867,0
1868,0
1869,0
1870,0
1871,0
1872,0
1873,0
1874,0
1875,0
1876,0
1877,0
1878,0
1879,0
1880,18895
1881,44869.6
1882,63414.3
1883,65260.3
1884,82128.2
1885,56993
1886,78764.4
1887,43831.9
1888,25404.2
1889,24591.1
1890,3909.82
1891,0
1892,0
1893,0
1894,0
1895,0
1896,0
1897,0
1898,0
1899,0
1900,0
1901,0
1902,0
1903,0
1904,32572
1905,84086.6
1906,133957
1907,168922
1908,199765
1909,208487
1910,194732
1911,159167
1912,74220.4
1913,57315.2
1914,11550.1
1915,0
1916,0
1917,0
1918,0
1919,0
1920,0
1921,0
1922,0
1923,0
1924,0
1925,0
1926,0
1927,0
1928,48471.8
1929,104436
1930,149648
1931,179570
1932,195058
1933,198099
1934,192556
1935,166379
1936,125443
1937,84194.3
1938,18001.2
1939,0
1940,0
1941,0
1942,0
1943,0
1944,0
1945,0
1946,0
1947,0
1948,0
1949,0
1950,0
1951,0
1952,49256.9
1953,103131
1954,148491
1955,180418
1956,197433
1957,202457
1958,192117
1959,170856
1960,135363
1961,83928.2
1962,0
1963,0
1964,0
1965,0
1966,0
1967,0
1968,0
1969,0
1970,0
1971,0
1972,0
1973,0
1974,0
1975,0
1976,46832.8
1977,55216.3
1978,95985.4
1979,180457
1980,191988
1981,203740
1982,195175
1983,164478
1984,123744
1985,86364.5
1986,0
1987,0
1988,0
1989,0
1990,0
1991,0
1992,0
1993,0
1994,0
1995,0
1996,0
1997,0
1998,0
1999,0
2000,30437.3
2001,42640.3
2002,59045.3
2003,67225.6
2004,89202.9
2005,61084
2006,22844.5
2007,19733.9
2008,15378
2009,11589
2010,0
2011,0
2012,0
2013,0
2014,0
2015,0
2016,0
2017,0
2018,0
2019,0
2020,0
2021,0
2022,0
2023,0
2024,42863.2
2025,70581.6
2026,120038
2027,110337
2028,120594
2029,95308.2
2030,81957.2
2031,86644.2
2032,33657.4
2033,21211.1
2034,0
2035,0
2036,0
2037,0
2038,0
2039,0
2040,0
2041,0
2042,0
2043,0
2044,0
2045,0
2046,0
2047,0
2048,18477.2
2049,87840.7
2050,61552
2051,103318
2052,66040.2
2053,36514.2
2054,64042
2055,56232.8
2056,38172.4
2057,36879.6
2058,0
2059,0
2060,0
2061,0
2062,0
2063,0
2064,0
2065,0
2066,0
2067,0
2068,0
2069,0
2070,0
2071,2421.93
2072,14546.2
2073,20141.4
2074,22489.3
2075,24422
2076,40061.1
2077,66028.3
2078,165898
2079,49568.9
2080,91103.1
2081,40691.6
2082,0
2083,0
2084,0
2085,0
2086,0
2087,0
2088,0
2089,0
2090,0
2091,0
2092,0
2093,0
2094,0
2095,4635.74
2096,37247.3
2097,27958.1
2098,47367.5
2099,37207.4
2100,48263.8
2101,37818.9
2102,151279
2103,136408
2104,101739
2105,59756.1
2106,0
2107,0
2108,0
2109,0
2110,0
2111,0
2112,0
2113,0
2114,0
2115,0
2116,0
2117,0
2118,0
2119,4380.78
2120,55296
2121,111691
2122,152842
2123,136807
2124,108949
2125,182253
2126,188159
2127,168654
2128,136355
2129,86204.6
2130,0
2131,0
2132,0
2133,0
2134,0
2135,0
2136,0
2137,0
2138,0
2139,0
2140,0
2141,0
2142,0
2143,6494.11
2144,42544.7
2145,75847.4
2146,116654
2147,120775
2148,164205
2149,164113
2150,99320.6
2151,19554.1
2152,24912.8
2153,41868.6
2154,0
2155,0
2156,0
2157,0
2158,0
2159,0
2160,0
2161,0
2162,0
2163,0
2164,0
2165,0
2166,0
2167,7935.32
2168,54640.4
2169,106555
2170,150012
2171,178944
2172,198744
2173,190981
2174,179119
2175,158177
2176,110980
2177,56862.1
2178,0
2179,0
2180,0
2181,0
2182,0
2183,0
2184,0
2185,0
2186,0
2187,0
2188,0
2189,0
2190,0
2191,8060.86
2192,54556.7
2193,106423
2194,147327
2195,178361
2196,194971
2197,204222
2198,190892
2199,165279
2200,132223
2201,82243.5
2202,0
2203,0
2204,0
2205,0
2206,0
2207,0
2208,0
2209,0
2210,0
2211,0
2212,0
2213,0
2214,0
2215,8386.23
2216,55728.4
2217,106750
2218,151006
2219,184350
2220,202822
2221,204078
2222,192096
2223,160325
2224,130306
2225,80178.9
2226,0
2227,0
2228,0
2229,0
2230,0
2231,0
2232,0
2233,0
2234,0
2235,0
2236,0
2237,0
2238,0
2239,10603.6
2240,57063.6
2241,108035
2242,148234
2243,179616
2244,201506
2245,204065
2246,187540
2247,166903
2248,125964
2249,76547
2250,0
2251,0
2252,0
2253,0
2254,0
2255,0
2256,0
2257,0
2258,0
2259,0
2260,0
2261,0
2262,0
2263,6693.36
2264,19026.7
2265,36070.1
2266,90499.8
2267,177730
2268,197289
2269,206560
2270,182682
2271,163792
2272,127471
2273,82370.2
2274,0
2275,0
2276,0
2277,0
2278,0
2279,0
2280,0
2281,0
2282,0
2283,0
2284,0
2285,0
2286,0
2287,10186.7
2288,39460.4
2289,102982
2290,133352
2291,164860
2292,194996
2293,203582
2294,188728
2295,159120
2296,122068
2297,40702.6
2298,0
2299,0
2300,0
2301,0
2302,0
2303,0
2304,0
2305,0
2306,0
2307,0
2308,0
2309,0
2310,0
2311,11703.7
2312,46791.5
2313,105486
2314,151860
2315,174699
2316,182992
2317,179885
2318,193577
2319,160572
2320,127980
2321,80098.9
2322,0
2323,0
2324,0
2325,0
2326,0
2327,0
2328,0
2329,0
2330,0
2331,0
2332,0
2333,0
2334,0
2335,10555
2336,58143
2337,111914
2338,153599
2339,176413
2340,195165
2341,197383
2342,190055
2343,165859
2344,127596
2345,81210.2
2346,0
2347,0
2348,0
2349,0
2350,0
2351,0
2352,0
2353,0
2354,0
2355,0
2356,0
2357,0
2358,0
2359,12679.9
2360,59084.9
2361,107784
2362,155327
2363,186076
2364,204239
2365,199430
2366,188131
2367,166055
2368,130336
2369,80567
2370,0
2371,0
2372,0
2373,0
2374,0
2375,0
2376,0
2377,0
2378,0
2379,0
2380,0
2381,0
2382,0
2383,12222.4
2384,53298.6
2385,110164
2386,149702
2387,181130
2388,201129
2389,200190
2390,191183
2391,162921
2392,126136
2393,78584.6
2394,0
2395,0
2396,0
2397,0
2398,0
2399,0
2400,0
2401,0
2402,0
2403,0
2404,0
2405,0
2406,0
2407,12972.7
2408,59461.9
2409,105022
2410,146727
2411,179851
2412,197337
2413,201118
2414,187776
2415,161743
2416,125333
2417,77417.9
2418,0
2419,0
2420,0
2421,0
2422,0
2423,0
2424,0
2425,0
2426,0
2427,0
2428,0
2429,0
2430,0
2431,12544.9
2432,59826.6
2433,104007
2434,151769
2435,181594
2436,197158
2437,199093
2438,188162
2439,164816
2440,124503
2441,79230.9
2442,0
2443,0
2444,0
2445,0
2446,0
2447,0
2448,0
2449,0
2450,0
2451,0
2452,0
2453,0
2454,0
2455,11314.9
2456,57852.7
2457,109810
2458,151885
2459,184447
2460,202521
2461,205795
2462,193151
2463,162261
2464,129037
2465,81135.1
2466,0
2467,0
2468,0
2469,0
2470,0
2471,0
2472,0
2473,0
2474,0
2475,0
2476,0
2477,0
2478,0
2479,15903.3
2480,34669.2
2481,105230
2482,42173.3
2483,174375
2484,178449
2485,175326
2486,176188
2487,43621.6
2488,22658.2
2489,41041.7
2490,0
2491,0
2492,0
2493,0
2494,0
2495,0
2496,0
2497,0
2498,0
2499,0
2500,0
2501,0
2502,0
2503,8743.12
2504,17666.6
2505,81882.2
2506,35101
2507,106196
2508,92489.3
2509,112733
2510,189627
2511,169780
2512,133299
2513,80587.7
2514,19006.7
2515,0
2516,0
2517,0
2518,0
2519,0
2520,0
2521,0
2522,0
2523,0
2524,0
2525,0
2526,0
2527,16784.2
2528,56848.4
2529,109848
2530,155092
2531,186421
2532,198878
2533,207453
2534,187835
2535,168561
2536,130302
2537,78939.4
2538,32364.2
2539,0
2540,0
2541,0
2542,0
2543,0
2544,0
2545,0
2546,0
2547,0
2548,0
2549,0
2550,0
2551,16991
2552,46716.7
2553,69949.3
2554,91304.5
2555,168062
2556,95555.2
2557,32472.5
2558,25786.8
2559,115304
2560,55646.2
2561,29147
2562,23597.9
2563,0
2564,0
2565,0
2566,0
2567,0
2568,0
2569,0
2570,0
2571,0
2572,0
2573,0
2574,0
2575,12341.2
2576,58726.4
2577,106418
2578,129255
2579,154488
2580,191308
2581,163306
2582,182783
2583,121330
2584,119900
2585,77399.1
2586,29124.2
2587,0
2588,0
2589,0
2590,0
2591,0
2592,0
2593,0
2594,0
2595,0
2596,0
2597,0
2598,0
2599,13210.2
2600,62385
2601,112641
2602,156503
2603,189598
2604,202863
2605,209981
2606,192401
2607,164069
2608,128329
2609,81741.3
2610,27349.5
2611,0
2612,0
2613,0
2614,0
2615,0
2616,0
2617,0
2618,0
2619,0
2620,0
2621,0
2622,0
2623,13292.5
2624,61406
2625,110047
2626,150591
2627,182281
2628,193321
2629,203936
2630,184152
2631,163395
2632,125756
2633,76840.8
2634,25761
2635,0
2636,0
2637,0
2638,0
2639,0
2640,0
2641,0
2642,0
2643,0
2644,0
2645,0
2646,0
2647,9832.48
2648,29275.6
2649,93086.3
2650,133887
2651,82583.2
2652,88525.5
2653,87064.3
2654,80255.3
2655,20418.7
2656,15876.8
2657,10030.1
2658,19599.3
2659,0
2660,0
2661,0
2662,0
2663,0
2664,0
2665,0
2666,0
2667,0
2668,0
2669,0
2670,0
2671,8083.02
2672,25598.1
2673,25086.3
2674,27337.7
2675,39366.2
2676,34770.6
2677,75226.6
2678,139773
2679,104054
2680,122724
2681,78413.6
2682,23837.3
2683,0
2684,0
2685,0
2686,0
2687,0
2688,0
2689,0
2690,0
2691,0
2692,0
2693,0
2694,0
2695,16240.5
2696,41906.6
2697,81729.8
2698,139861
2699,182363
2700,200086
2701,203058
2702,188055
2703,167878
2704,123434
2705,79714.4
2706,27878.9
2707,0
2708,0
2709,0
2710,0
2711,0
2712,0
2713,0
2714,0
2715,0
2716,0
2717,0
2718,0
2719,18542.1
2720,59462.6
2721,111776
2722,150547
2723,187157
2724,200330
2725,205557
2726,186971
2727,166733
2728,129385
2729,78295
2730,31146.7
2731,0
2732,0
2733,0
2734,0
2735,0
2736,0
2737,0
2738,0
2739,0
2740,0
2741,0
2742,0
2743,14529.3
2744,62197
2745,113774
2746,151836
2747,185274
2748,197958
2749,199369
2750,187060
2751,162070
2752,126309
2753,78948.2
2754,29867.6
2755,0
2756,0
2757,0
2758,0
2759,0
2760,0
2761,0
2762,0
2763,0
2764,0
2765,0
2766,0
2767,15694.2
2768,60847.2
2769,111687
2770,151849
2771,178494
2772,194577
2773,195825
2774,183122
2775,161766
2776,124991
2777,75565.1
2778,28791.7
2779,0
2780,0
2781,0
2782,0
2783,0
2784,0
2785,0
2786,0
2787,0
2788,0
2789,0
2790,0
2791,16063.8
2792,61337.3
2793,108745
2794,147621
2795,177164
2796,193689
2797,194542
2798,186188
2799,162899
2800,126641
2801,78324.1
2802,31825.1
2803,0
2804,0
2805,0
2806,0
2807,0
2808,0
2809,0
2810,0
2811,0
2812,0
2813,0
2814,0
2815,16388.3
2816,49800.8
2817,108504
2818,150476
2819,176284
2820,161655
2821,203021
2822,181017
2823,160227
2824,122267
2825,75763.5
2826,31165.3
2827,0
2828,0
2829,0
2830,0
2831,0
2832,0
2833,0
2834,0
2835,0
2836,0
2837,0
2838,0
2839,15092.9
2840,64149.6
2841,115325
2842,154787
2843,183009
2844,200795
2845,202795
2846,186815
2847,162880
2848,125115
2849,73858.9
2850,26009.8
2851,0
2852,0
2853,0
2854,0
2855,0
2856,0
2857,0
2858,0
2859,0
2860,0
2861,0
2862,0
2863,16240
2864,62323.2
2865,111941
2866,151117
2867,175220
2868,193177
2869,197382
2870,184187
2871,158900
2872,117483
2873,71507.8
2874,28527.3
2875,0
2876,0
2877,0
2878,0
2879,0
2880,0
2881,0
2882,0
2883,0
2884,0
2885,0
2886,0
2887,18977.4
2888,51548.6
2889,111229
2890,149502
2891,176088
2892,191066
2893,193007
2894,182545
2895,157976
2896,123924
2897,75125.1
2898,28568.4
2899,0
2900,0
2901,0
2902,0
2903,0
2904,0
2905,0
2906,0
2907,0
2908,0
2909,0
2910,0
2911,20497
2912,60573.6
2913,100680
2914,140814
2915,156925
2916,188477
2917,193166
2918,181974
2919,146640
2920,111284
2921,57433.8
2922,27733.1
2923,0
2924,0
2925,0
2926,0
2927,0
2928,0
2929,0
2930,0
2931,0
2932,0
2933,0
2934,0
2935,20434.9
2936,60785.7
2937,102731
2938,141158
2939,169327
2940,189060
2941,192413
2942,182419
2943,153861
2944,117311
2945,72970.6
2946,30148.4
2947,0
2948,0
2949,0
2950,0
2951,0
2952,0
2953,0
2954,0
2955,0
2956,0
2957,0
2958,0
2959,18430.5
2960,61788.1
2961,97671.1
2962,137435
2963,167184
2964,185040
2965,181902
2966,138489
2967,84879.7
2968,76825.1
2969,35183.4
2970,29243.5
2971,0
2972,0
2973,0
2974,0
2975,0
2976,0
2977,0
2978,0
2979,0
2980,0
2981,0
2982,0
2983,16120.2
2984,56816.6
2985,82309.5
2986,93120.2
2987,159222
2988,165946
2989,47073.8
2990,38076
2991,83513.7
2992,103505
2993,58279.6
2994,28557.8
2995,0
2996,0
2997,0
2998,0
2999,0
3000,0
3001,0
3002,0
3003,0
3004,0
3005,0
3006,0
3007,13844.1
3008,44581.5
3009,69478.1
3010,115182
3011,125386
3012,151278
3013,152801
3014,166085
3015,149167
3016,112408
3017,57837.3
3018,30931
3019,176.176
3020,0
3021,0
3022,0
3023,0
3024,0
3025,0
3026,0
3027,0
3028,0
3029,0
3030,0
3031,19865
3032,45551.9
3033,47303.8
3034,86675.3
3035,121653
3036,165154
3037,133135
3038,167504
3039,143687
3040,100464
3041,57546.6
3042,18998.7
3043,166.343
3044,0
3045,0
3046,0
3047,0
3048,0
3049,0
3050,0
3051,0
3052,0
3053,0
3054,0
3055,11553.8
3056,19953.1
3057,64322.9
3058,47467.3
3059,41184.8
3060,88759.3
3061,78071.7
3062,81205.5
3063,29378.2
3064,35967.3
3065,27912.2
3066,27086.4
3067,131.666
3068,0
3069,0
3070,0
3071,0
3072,0
3073,0
3074,0
3075,0
3076,0
3077,0
3078,0
3079,10960.9
3080,17496.8
3081,21605.5
3082,30275.7
3083,35171.3
3084,44617.5
3085,48562.5
3086,34501.8
3087,35555.7
3088,43904.5
3089,31047.8
3090,26642.8
3091,178.329
3092,0
3093,0
3094,0
3095,0
3096,0
3097,0
3098,0
3099,0
3100,0
3101,0
3102,0
3103,22598.2
3104,49761.1
3105,91717.5
3106,135169
3107,166092
3108,192893
3109,193131
3110,177850
3111,153190
3112,119884
3113,73263.1
3114,30830.9
3115,180.548
3116,0
3117,0
3118,0
3119,0
3120,0
3121,0
3122,0
3123,0
3124,0
3125,0
3126,0
3127,20740.5
3128,60336.7
3129,86936.9
3130,93088.8
3131,58037.8
3132,99842.8
3133,48855.2
3134,77616
3135,59821.9
3136,71732.3
3137,62565.2
3138,25408.1
3139,268.262
3140,0
3141,0
3142,0
3143,0
3144,0
3145,0
3146,0
3147,0
3148,0
3149,0
3150,0
3151,13088.5
3152,46997.3
3153,80653.2
3154,38727
3155,152955
3156,111767
3157,63654.1
3158,141657
3159,47842.2
3160,33504.3
3161,26288.1
3162,22725.8
3163,252.735
3164,0
3165,0
3166,0
3167,0
3168,0
3169,0
3170,0
3171,0
3172,0
3173,0
3174,0
3175,22347.2
3176,38900.7
3177,48143.2
3178,60292.3
3179,67573.8
3180,142994
3181,123152
3182,102291
3183,78416.1
3184,99701.2
3185,56823.7
3186,32086.4
3187,408.08
3188,0
3189,0
3190,0
3191,0
3192,0
3193,0
3194,0
3195,0
3196,0
3197,0
3198,0
3199,22059.1
3200,61706.5
3201,83152.7
3202,128356
3203,152616
3204,153988
3205,184874
3206,173281
3207,152190
3208,121788
3209,76682.7
3210,30689.3
3211,540.457
3212,0
3213,0
3214,0
3215,0
3216,0
3217,0
3218,0
3219,0
3220,0
3221,0
3222,0
3223,15865.8
3224,63059.9
3225,108019
3226,148648
3227,176043
3228,191138
3229,194258
3230,182578
3231,156502
3232,122283
3233,76098.5
3234,30293.9
3235,537.139
3236,0
3237,0
3238,0
3239,0
3240,0
3241,0
3242,0
3243,0
3244,0
3245,0
3246,0
3247,13242.6
3248,26560.9
3249,34299.6
3250,90171
3251,143061
3252,186540
3253,194831
3254,180578
3255,159199
3256,122213
3257,75890.4
3258,29696.8
3259,547.604
3260,0
3261,0
3262,0
3263,0
3264,0
3265,0
3266,0
3267,0
3268,0
3269,0
3270,0
3271,16202
3272,64111.4
3273,111447
3274,149044
3275,176129
3276,191858
3277,194833
3278,182989
3279,155559
3280,123329
3281,75334.7
3282,31066.2
3283,714.313
3284,0
3285,0
3286,0
3287,0
3288,0
3289,0
3290,0
3291,0
3292,0
3293,0
3294,0
3295,16546.8
3296,63080.4
3297,109902
3298,147248
3299,174313
3300,190562
3301,191841
3302,177269
3303,152875
3304,119733
3305,74107.5
3306,30508
3307,720.049
3308,0
3309,0
3310,0
3311,0
3312,0
3313,0
3314,0
3315,0
3316,0
3317,0
3318,0
3319,19066
3320,63662.7
3321,105131
3322,150012
3323,169519
3324,190526
3325,184462
3326,180191
3327,154148
3328,121954
3329,77193.6
3330,30286.7
3331,689.879
3332,0
3333,0
3334,0
3335,0
3336,0
3337,0
3338,0
3339,0
3340,0
3341,0
3342,0
3343,23764.6
3344,45040.2
3345,51224.8
3346,98705.9
3347,62244.9
3348,122026
3349,148084
3350,145163
3351,102710
3352,117856
3353,76621.4
3354,31909.9
3355,902.411
3356,0
3357,0
3358,0
3359,0
3360,0
3361,0
3362,0
3363,0
3364,0
3365,0
3366,0
3367,21261.1
3368,64095.8
3369,106782
3370,146906
3371,176422
3372,190367
3373,194539
3374,181263
3375,154676
3376,120804
3377,78260.6
3378,31268.7
3379,896.687
3380,0
3381,0
3382,0
3383,0
3384,0
3385,0
3386,0
3387,0
3388,0
3389,0
3390,0
3391,22276.6
3392,64299.7
3393,106127
3394,146826
3395,171643
3396,188012
3397,191409
3398,178944
3399,151082
3400,115605
3401,74170.2
3402,17478.4
3403,905.699
3404,0
3405,0
3406,0
3407,0
3408,0
3409,0
3410,0
3411,0
3412,0
3413,0
3414,0
3415,19464.3
3416,31512.5
3417,44504.4
3418,111969
3419,168900
3420,185913
3421,188755
3422,176636
3423,146666
3424,118979
3425,78757.9
3426,30671.1
3427,974.073
3428,0
3429,0
3430,0
3431,0
3432,0
3433,0
3434,0
3435,0
3436,0
3437,0
3438,0
3439,16613.6
3440,62410.7
3441,105978
3442,131646
3443,166525
3444,184092
3445,187440
3446,175652
3447,153515
3448,119306
3449,74081.4
3450,31977.5
3451,970.248
3452,0
3453,0
3454,0
3455,0
3456,0
3457,0
3458,0
3459,0
3460,0
3461,0
3462,0
3463,13457.5
3464,24347.4
3465,29794.4
3466,55783.8
3467,63057.6
3468,72157.1
3469,63444.4
3470,67772.7
3471,90312.9
3472,50672.3
3473,43424
3474,9813.5
3475,542.828
3476,0
3477,0
3478,0
3479,0
3480,0
3481,0
3482,0
3483,0
3484,0
3485,0
3486,0
3487,16777.8
3488,46882.5
3489,81894.4
3490,112968
3491,162758
3492,184947
3493,188938
3494,168221
3495,137031
3496,121781
3497,78495.5
3498,31953
3499,1183.24
3500,0
3501,0
3502,0
3503,0
3504,0
3505,0
3506,0
3507,0
3508,0
3509,0
3510,0
3511,15628.8
3512,63033.4
3513,110343
3514,148312
3515,177228
3516,191660
3517,195204
3518,180335
3519,158596
3520,121502
3521,77669.5
3522,30932
3523,1117.15
3524,0
3525,0
3526,0
3527,0
3528,0
3529,0
3530,0
3531,0
3532,0
3533,0
3534,0
3535,15702.3
3536,63092.5
3537,110509
3538,146931
3539,173017
3540,186834
3541,190409
3542,175309
3543,155367
3544,121840
3545,79975.1
3546,32070.6
3547,1109.15
3548,0
3549,0
3550,0
3551,0
3552,0
3553,0
3554,0
3555,0
3556,0
3557,0
3558,0
3559,22185.4
3560,58615.2
3561,93730.1
3562,135355
3563,169679
3564,174909
3565,173516
3566,165993
3567,144710
3568,109531
3569,76922.6
3570,32001.4
3571,1258.88
3572,0
3573,0
3574,0
3575,0
3576,0
3577,0
3578,0
3579,0
3580,0
3581,0
3582,0
3583,23595.3
3584,58967.9
3585,101197
3586,147831
3587,169756
3588,188095
3589,189691
3590,177868
3591,153946
3592,116150
3593,65465.4
3594,22102.6
3595,1857.61
3596,0
3597,0
3598,0
3599,0
3600,0
3601,0
3602,0
3603,0
3604,0
3605,0
3606,0
3607,20451.8
3608,50177.6
3609,67685.1
3610,126775
3611,149624
3612,186293
3613,190816
3614,173081
3615,48394.5
3616,39821.5
3617,27297.4
3618,13820.2
3619,1270.82
3620,0
3621,0
3622,0
3623,0
3624,0
3625,0
3626,0
3627,0
3628,0
3629,0
3630,0
3631,20148.1
3632,61382.6
3633,105357
3634,143476
3635,170437
3636,188205
3637,185638
3638,173877
3639,150426
3640,119270
3641,74148.2
3642,31634.2
3643,1438.9
3644,0
3645,0
3646,0
3647,0
3648,0
3649,0
3650,0
3651,0
3652,0
3653,0
3654,0
3655,23173.9
3656,62083.9
3657,106379
3658,145309
3659,168695
3660,187573
3661,185687
3662,175389
3663,152384
3664,117327
3665,74342.9
3666,32315.1
3667,1398.03
3668,0
3669,0
3670,0
3671,0
3672,0
3673,0
3674,0
3675,0
3676,0
3677,0
3678,0
3679,22315.5
3680,58651.1
3681,100873
3682,142177
3683,169961
3684,183170
3685,186973
3686,170030
3687,141948
3688,116527
3689,75594.2
3690,32070.9
3691,1545.01
3692,0
3693,0
3694,0
3695,0
3696,0
3697,0
3698,0
3699,0
3700,0
3701,0
3702,0
3703,22444.7
3704,43518.1
3705,96661.2
3706,128686
3707,152719
3708,173027
3709,173444
3710,161577
3711,140749
3712,110078
3713,66559.9
3714,30253.3
3715,1440.49
3716,0
3717,0
3718,0
3719,0
3720,0
3721,0
3722,0
3723,0
3724,0
3725,0
3726,238.197
3727,17611.8
3728,59732.3
3729,101829
3730,123075
3731,157012
3732,167863
3733,179632
3734,172876
3735,149365
3736,119049
3737,76529.2
3738,32268.7
3739,1710.89
3740,0
3741,0
3742,0
3743,0
3744,0
3745,0
3746,0
3747,0
3748,0
3749,0
3750,265.047
3751,16107.1
3752,32996.9
3753,53354.5
3754,107993
3755,154427
3756,171496
3757,82363
3758,75664.3
3759,56647.4
3760,57006.6
3761,48259
3762,31084.7
3763,2213.04
3764,0
3765,0
3766,0
3767,0
3768,0
3769,0
3770,0
3771,0
3772,0
3773,0
3774,652.758
3775,22828.9
3776,41354
3777,52618.3
3778,62250.5
3779,49763.5
3780,81212.4
3781,114977
3782,86230.4
3783,109164
3784,109370
3785,73284.1
3786,32935.2
3787,1708.17
3788,0
3789,0
3790,0
3791,0
3792,0
3793,0
3794,0
3795,0
3796,0
3797,0
3798,501.053
3799,14865.3
3800,20842.6
3801,27854.7
3802,41562
3803,54799.1
3804,72587
3805,41572.9
3806,49640.6
3807,53123
3808,40923.2
3809,40351
3810,32410.8
3811,2361.76
3812,0
3813,0
3814,0
3815,0
3816,0
3817,0
3818,0
3819,0
3820,0
3821,0
3822,394.654
3823,11464.8
3824,20061.7
3825,37690.3
3826,61957.8
3827,72852.1
3828,71604.7
3829,100572
3830,106469
3831,123439
3832,89494.5
3833,71861.6
3834,32679.9
3835,1844.66
3836,0
3837,0
3838,0
3839,0
3840,0
3841,0
3842,0
3843,0
3844,0
3845,0
3846,418.34
3847,16094.9
3848,22503.5
3849,30372.7
3850,86362.3
3851,79787.8
3852,92782.2
3853,112626
3854,133654
3855,113181
3856,68499.7
3857,33976
3858,19035.5
3859,2374.05
3860,0
3861,0
3862,0
3863,0
3864,0
3865,0
3866,0
3867,0
3868,0
3869,0
3870,820.941
3871,22233.3
3872,25709.9
3873,39426.2
3874,48715.4
3875,39600.3
3876,44288.8
3877,45642.3
3878,31849.7
3879,25434.3
3880,24874.2
3881,25755.6
3882,19043.1
3883,2376.21
3884,0
3885,0
3886,0
3887,0
3888,0
3889,0
3890,0
3891,0
3892,0
3893,0
3894,807.505
3895,10712.5
3896,24303.1
3897,66076.4
3898,114557
3899,89121
3900,160817
3901,179515
3902,158102
3903,116596
3904,91058.8
3905,77764.4
3906,33387.7
3907,1991.04
3908,0
3909,0
3910,0
3911,0
3912,0
3913,0
3914,0
3915,0
3916,0
3917,0
3918,875.464
3919,15309.3
3920,59021.8
3921,105047
3922,143857
3923,170446
3924,186673
3925,189978
3926,168839
3927,148084
3928,120934
3929,79420.5
3930,33317.2
3931,1975.58
3932,0
3933,0
3934,0
3935,0
3936,0
3937,0
3938,0
3939,0
3940,0
3941,0
3942,783.551
3943,16488.7
3944,58208.7
3945,102985
3946,141327
3947,168053
3948,184005
3949,184788
3950,174255
3951,151840
3952,120761
3953,78878.4
3954,33166.6
3955,1971.17
3956,0
3957,0
3958,0
3959,0
3960,0
3961,0
3962,0
3963,0
3964,0
3965,0
3966,430.387
3967,15391.8
3968,35548.8
3969,99586.3
3970,140010
3971,164058
3972,181724
3973,182635
3974,170809
3975,150260
3976,118447
3977,78806.9
3978,33559.1
3979,2252.32
3980,0
3981,0
3982,0
3983,0
3984,0
3985,0
3986,0
3987,0
3988,0
3989,0
3990,233.009
3991,10635
3992,22603.9
3993,24953.3
3994,30706.1
3995,47573.5
3996,50239.7
3997,64530.7
3998,47090.3
3999,25472.3
4000,45581.4
4001,36548.1
4002,20544.2
4003,2918.61
4004,0
4005,0
4006,0
4007,0
4008,0
4009,0
4010,0
4011,0
4012,0
4013,0
4014,205.23
4015,21500.9
4016,51495.1
4017,90420.5
4018,139769
4019,165897
4020,181670
4021,187047
4022,174874
4023,153003
4024,121538
4025,78155.4
4026,33532.5
4027,2248.94
4028,0
4029,0
4030,0
4031,0
4032,0
4033,0
4034,0
4035,0
4036,0
4037,0
4038,74.0012
4039,14386.1
4040,57508.9
4041,103658
4042,143354
4043,169392
4044,182705
4045,183382
4046,175096
4047,154888
4048,112706
4049,76478.2
4050,33402.9
4051,2381.39
4052,0
4053,0
4054,0
4055,0
4056,0
4057,0
4058,0
4059,0
4060,0
4061,0
4062,0
4063,22031.7
4064,57939.7
4065,102373
4066,139372
4067,165205
4068,181975
4069,181650
4070,167967
4071,151457
4072,116138
4073,78232.9
4074,34283.4
4075,2104.91
4076,0
4077,0
4078,0
4079,0
4080,0
4081,0
4082,0
4083,0
4084,0
4085,0
4086,0
4087,21273.7
4088,48682.4
4089,101946
4090,139313
4091,164308
4092,183581
4093,182185
4094,172850
4095,149716
4096,118700
4097,76935.9
4098,34376.9
4099,2103.04
4100,0
4101,0
4102,0
4103,0
4104,0
4105,0
4106,0
4107,0
4108,0
4109,0
4110,0
4111,22417.6
4112,58862.7
4113,102490
4114,139242
4115,166816
4116,180966
4117,181837
4118,172235
4119,149779
4120,117688
4121,78583.2
4122,34407
4123,2102.33
4124,0
4125,0
4126,0
4127,0
4128,0
4129,0
4130,0
4131,0
4132,0
4133,0
4134,0
4135,22535.8
4136,59107.8
4137,102242
4138,139543
4139,164648
4140,181530
4141,183691
4142,174625
4143,150230
4144,120576
4145,78578.1
4146,34197.7
4147,2109.02
4148,0
4149,0
4150,0
4151,0
4152,0
4153,0
4154,0
4155,0
4156,0
4157,0
4158,0
4159,18418.6
4160,57180.1
4161,101574
4162,141086
4163,166485
4164,181723
4165,182844
4166,172348
4167,150815
4168,120074
4169,80244.8
4170,34359
4171,2241.54
4172,0
4173,0
4174,0
4175,0
4176,0
4177,0
4178,0
4179,0
4180,0
4181,0
4182,0
4183,20486.5
4184,53964.5
4185,104162
4186,141528
4187,169011
4188,179205
4189,184592
4190,174042
4191,150675
4192,118018
4193,79949.4
4194,34778.5
4195,2534.6
4196,0
4197,0
4198,0
4199,0
4200,0
4201,0
4202,0
4203,0
4204,0
4205,0
4206,0
4207,15729.9
4208,56688.4
4209,101403
4210,139483
4211,165167
4212,178714
4213,180092
4214,174582
4215,149725
4216,116371
4217,79556.9
4218,34619
4219,2524.86
4220,0
4221,0
4222,0
4223,0
4224,0
4225,0
4226,0
4227,0
4228,0
4229,0
4230,0
4231,18356.8
4232,59223.9
4233,99977.2
4234,136001
4235,164538
4236,179527
4237,179013
4238,169814
4239,147939
4240,115316
4241,75667.4
4242,12192.7
4243,1828.3
4244,0
4245,0
4246,0
4247,0
4248,0
4249,0
4250,0
4251,0
4252,0
4253,0
4254,0
4255,17611.4
4256,56397.5
4257,97935.5
4258,134457
4259,161125
4260,175893
4261,177082
4262,167894
4263,146290
4264,114809
4265,78350.9
4266,34789.8
4267,2514.62
4268,0
4269,0
4270,0
4271,0
4272,0
4273,0
4274,0
4275,0
4276,0
4277,0
4278,0
4279,11907.4
4280,26951.8
4281,73839.4
4282,134028
4283,160990
4284,174912
4285,181784
4286,171217
4287,145847
4288,120144
4289,78440.1
4290,34874.2
4291,2522.82
4292,0
4293,0
4294,0
4295,0
4296,0
4297,0
4298,0
4299,0
4300,0
4301,0
4302,0
4303,19666.2
4304,58683.7
4305,99774
4306,137013
4307,164059
4308,181226
4309,182367
4310,172471
4311,151297
4312,120343
4313,79335.3
4314,34352.3
4315,2504.95
4316,0
4317,0
4318,0
4319,0
4320,0
4321,0
4322,0
4323,0
4324,0
4325,0
4326,0
4327,21021.2
4328,57581.7
4329,100894
4330,138926
4331,165576
4332,182277
4333,183639
4334,170990
4335,149313
4336,118474
4337,78060.9
4338,36294.1
4339,2513.7
4340,0
4341,0
4342,0
4343,0
4344,0
4345,0
4346,0
4347,0
4348,0
4349,0
4350,0
4351,16943.4
4352,53291.7
4353,96345.6
4354,134712
4355,161947
4356,173615
4357,178589
4358,171239
4359,150803
4360,120558
4361,75734.9
4362,34279.7
4363,2256.75
4364,0
4365,0
4366,0
4367,0
4368,0
4369,0
4370,0
4371,0
4372,0
4373,0
4374,0
4375,17575.6
4376,53445.3
4377,99842.3
4378,136203
4379,164480
4380,180434
4381,181456
4382,169436
4383,148712
4384,121662
4385,77490.3
4386,21367.5
4387,3103.74
4388,0
4389,0
4390,0
4391,0
4392,0
4393,0
4394,0
4395,0
4396,0
4397,0
4398,0
4399,19384.2
4400,48426.4
4401,96700.1
4402,137606
4403,163564
4404,179714
4405,183587
4406,170893
4407,150058
4408,119552
4409,80515.5
4410,34999.9
4411,2237.39
4412,0
4413,0
4414,0
4415,0
4416,0
4417,0
4418,0
4419,0
4420,0
4421,0
4422,0
4423,15792
4424,52917.3
4425,99512.7
4426,140320
4427,161538
4428,176679
4429,177301
4430,173135
4431,147616
4432,111538
4433,76957.2
4434,35171.2
4435,2238.35
4436,0
4437,0
4438,0
4439,0
4440,0
4441,0
4442,0
4443,0
4444,0
4445,0
4446,0
4447,16746.5
4448,52902
4449,99156.2
4450,136134
4451,161617
4452,173796
4453,176024
4454,170148
4455,141632
4456,114570
4457,77030.7
4458,35044.4
4459,2265.67
4460,0
4461,0
4462,0
4463,0
4464,0
4465,0
4466,0
4467,0
4468,0
4469,0
4470,0
4471,19958.5
4472,53266.6
4473,97452.2
4474,135251
4475,163845
4476,176273
4477,181360
4478,171411
4479,146874
4480,119146
4481,79606.9
4482,35376.5
4483,2231.52
4484,0
4485,0
4486,0
4487,0
4488,0
4489,0
4490,0
4491,0
4492,0
4493,0
4494,0
4495,19276.5
4496,56381.4
4497,98057.6
4498,137879
4499,160966
4500,175634
4501,178811
4502,170655
4503,147756
4504,118348
4505,76822.5
4506,35299.4
4507,2114.23
4508,0
4509,0
4510,0
4511,0
4512,0
4513,0
4514,0
4515,0
4516,0
4517,0
4518,0
4519,15917.3
4520,54930.9
4521,97149.5
4522,130752
4523,166653
4524,177748
4525,182810
4526,169681
4527,142032
4528,114400
4529,82097.8
4530,33311.1
4531,1957.95
4532,0
4533,0
4534,0
4535,0
4536,0
4537,0
4538,0
4539,0
4540,0
4541,0
4542,0
4543,16480.4
4544,31263.1
4545,75588.4
4546,132611
4547,161271
4548,180867
4549,183932
4550,158969
4551,139529
4552,113641
4553,81033.9
4554,34271.3
4555,2100.78
4556,0
4557,0
4558,0
4559,0
4560,0
4561,0
4562,0
4563,0
4564,0
4565,0
4566,0
4567,17617.2
4568,52734
4569,95320.5
4570,131992
4571,160068
4572,178618
4573,183174
4574,171674
4575,153033
4576,114714
4577,78143.9
4578,33832.5
4579,1961.93
4580,0
4581,0
4582,0
4583,0
4584,0
4585,0
4586,0
4587,0
4588,0
4589,0
4590,0
4591,12195.2
4592,26887.3
4593,66728.1
4594,131482
4595,160076
4596,178302
4597,180796
4598,157874
4599,151376
4600,118197
4601,81049.6
4602,34619.2
4603,1962.78
4604,0
4605,0
4606,0
4607,0
4608,0
4609,0
4610,0
4611,0
4612,0
4613,0
4614,0
4615,10783.6
4616,24508.3
4617,75043.5
4618,136776
4619,164504
4620,179800
4621,183010
4622,171351
4623,150996
4624,115715
4625,78133.5
4626,35142.2
4627,2096.44
4628,0
4629,0
4630,0
4631,0
4632,0
4633,0
4634,0
4635,0
4636,0
4637,0
4638,0
4639,14541.6
4640,54187.9
4641,97771
4642,138394
4643,162674
4644,179841
4645,184322
4646,169160
4647,136632
4648,115710
4649,59874.7
4650,35282.2
4651,2090.98
4652,0
4653,0
4654,0
4655,0
4656,0
4657,0
4658,0
4659,0
4660,0
4661,0
4662,0
4663,15656
4664,54096.8
4665,96075.5
4666,137078
4667,161694
4668,174419
4669,175785
4670,169659
4671,146101
4672,117288
4673,70353.1
4674,24023.9
4675,3076.91
4676,0
4677,0
4678,0
4679,0
4680,0
4681,0
4682,0
4683,0
4684,0
4685,0
4686,0
4687,17374
4688,51482.3
4689,97535
4690,137983
4691,163066
4692,161213
4693,182458
4694,154376
4695,65824.7
4696,117070
4697,70843.6
4698,34731.4
4699,1821.48
4700,0
4701,0
4702,0
4703,0
4704,0
4705,0
4706,0
4707,0
4708,0
4709,0
4710,0
4711,17953.7
4712,53301.5
4713,96212.4
4714,133805
4715,162525
4716,177458
4717,180496
4718,170372
4719,150307
4720,123037
4721,79739.8
4722,34290.9
4723,1822.64
4724,0
4725,0
4726,0
4727,0
4728,0
4729,0
4730,0
4731,0
4732,0
4733,0
4734,0
4735,15661.8
4736,56265.3
4737,96794.1
4738,133134
4739,161314
4740,173594
4741,178906
4742,171977
4743,149409
4744,120939
4745,79043.3
4746,34178.8
4747,1806.52
4748,0
4749,0
4750,0
4751,0
4752,0
4753,0
4754,0
4755,0
4756,0
4757,0
4758,0
4759,10740.5
4760,51728.4
4761,97512.1
4762,137314
4763,161336
4764,177800
4765,183523
4766,172908
4767,147315
4768,119718
4769,73200
4770,34156.6
4771,1677.18
4772,0
4773,0
4774,0
4775,0
4776,0
4777,0
4778,0
4779,0
4780,0
4781,0
4782,0
4783,11035.6
4784,51296
4785,97027
4786,134623
4787,160429
4788,176028
4789,178350
4790,169539
4791,149950
4792,122191
4793,79603.3
4794,34815.8
4795,1809.77
4796,0
4797,0
4798,0
4799,0
4800,0
4801,0
4802,0
4803,0
4804,0
4805,0
4806,0
4807,16642.9
4808,53433.6
4809,97750.7
4810,137384
4811,164847
4812,181380
4813,184293
4814,174301
4815,152501
4816,113269
4817,74669
4818,15149.9
4819,1818.19
4820,0
4821,0
4822,0
4823,0
4824,0
4825,0
4826,0
4827,0
4828,0
4829,0
4830,0
4831,15667.9
4832,51019.1
4833,93862.8
4834,132666
4835,155420
4836,169341
4837,174215
4838,174881
4839,149435
4840,122545
4841,79346.5
4842,33871.3
4843,1556.08
4844,0
4845,0
4846,0
4847,0
4848,0
4849,0
4850,0
4851,0
4852,0
4853,0
4854,0
4855,14671.3
4856,51488
4857,96022.5
4858,136490
4859,161694
4860,176822
4861,170606
4862,143742
4863,109345
4864,116259
4865,73695
4866,33948.3
4867,1546.84
4868,0
4869,0
4870,0
4871,0
4872,0
4873,0
4874,0
4875,0
4876,0
4877,0
4878,0
4879,10593.9
4880,50532.4
4881,97805.1
4882,136050
4883,161532
4884,178821
4885,179563
4886,168158
4887,147291
4888,116732
4889,78882.1
4890,34383.7
4891,1542.86
4892,0
4893,0
4894,0
4895,0
4896,0
4897,0
4898,0
4899,0
4900,0
4901,0
4902,0
4903,10899.9
4904,50818
4905,97933.9
4906,137688
4907,162612
4908,178530
4909,181148
4910,169541
4911,149486
4912,121670
4913,78541.2
4914,34935.8
4915,1549.86
4916,0
4917,0
4918,0
4919,0
4920,0
4921,0
4922,0
4923,0
4924,0
4925,0
4926,0
4927,17706.3
4928,51898.1
4929,97084
4930,134535
4931,160678
4932,176974
4933,175715
4934,168934
4935,150437
4936,121647
4937,77147
4938,35325.6
4939,1380.91
4940,0
4941,0
4942,0
4943,0
4944,0
4945,0
4946,0
4947,0
4948,0
4949,0
4950,0
4951,14839.4
4952,51429.6
4953,96218.5
4954,133433
4955,155095
4956,171248
4957,179494
4958,170034
4959,149762
4960,123289
4961,78106.9
4962,34122.5
4963,1431.69
4964,0
4965,0
4966,0
4967,0
4968,0
4969,0
4970,0
4971,0
4972,0
4973,0
4974,0
4975,17562.6
4976,52387.1
4977,97397.4
4978,136017
4979,161788
4980,170582
4981,177928
4982,170827
4983,148470
4984,123503
4985,76826.7
4986,34297.7
4987,1238.33
4988,0
4989,0
4990,0
4991,0
4992,0
4993,0
4994,0
4995,0
4996,0
4997,0
4998,0
4999,16172.3
5000,53088.3
5001,93253.6
5002,136039
5003,162120
5004,173404
5005,146155
5006,159572
5007,137665
5008,38513.9
5009,66055.9
5010,33064.9
5011,1098.97
5012,0
5013,0
5014,0
5015,0
5016,0
5017,0
5018,0
5019,0
5020,0
5021,0
5022,0
5023,17424.8
5024,50974.8
5025,71637.1
5026,109392
5027,126871
5028,158537
5029,172722
5030,169445
5031,148305
5032,118988
5033,79635.5
5034,33324.8
5035,1159.35
5036,0
5037,0
5038,0
5039,0
5040,0
5041,0
5042,0
5043,0
5044,0
5045,0
5046,0
5047,15093.8
5048,52303.8
5049,94708.1
5050,133326
5051,162567
5052,165134
5053,166184
5054,170915
5055,145418
5056,116897
5057,74386.6
5058,31890.1
5059,1026.41
5060,0
5061,0
5062,0
5063,0
5064,0
5065,0
5066,0
5067,0
5068,0
5069,0
5070,0
5071,14120.2
5072,51695
5073,97360.4
5074,136173
5075,162180
5076,178843
5077,179429
5078,172515
5079,148121
5080,119141
5081,78363.3
5082,29648.4
5083,948.15
5084,0
5085,0
5086,0
5087,0
5088,0
5089,0
5090,0
5091,0
5092,0
5093,0
5094,0
5095,10668.5
5096,31326.5
5097,95505
5098,135375
5099,162996
5100,180011
5101,184080
5102,174216
5103,152342
5104,120512
5105,82284.2
5106,35229.9
5107,962.183
5108,0
5109,0
5110,0
5111,0
5112,0
5113,0
5114,0
5115,0
5116,0
5117,0
5118,0
5119,13577.9
5120,45379.5
5121,96897.5
5122,131981
5123,159320
5124,176011
5125,179836
5126,165813
5127,142789
5128,112973
5129,76273.4
5130,35971.7
5131,817.313
5132,0
5133,0
5134,0
5135,0
5136,0
5137,0
5138,0
5139,0
5140,0
5141,0
5142,0
5143,15775.9
5144,51060.4
5145,96797
5146,137455
5147,162220
5148,180479
5149,181322
5150,171428
5151,153843
5152,122891
5153,80184.5
5154,36512.8
5155,817.63
5156,0
5157,0
5158,0
5159,0
5160,0
5161,0
5162,0
5163,0
5164,0
5165,0
5166,0
5167,14937
5168,53117.9
5169,95533.1
5170,135829
5171,162013
5172,176836
5173,178951
5174,170976
5175,146498
5176,115339
5177,79432.4
5178,34649.1
5179,677.567
5180,0
5181,0
5182,0
5183,0
5184,0
5185,0
5186,0
5187,0
5188,0
5189,0
5190,0
5191,15083
5192,51088.5
5193,94331.7
5194,130045
5195,157358
5196,176560
5197,176321
5198,168671
5199,45953.7
5200,37617.1
5201,26300
5202,10390.5
5203,355.137
5204,0
5205,0
5206,0
5207,0
5208,0
5209,0
5210,0
5211,0
5212,0
5213,0
5214,0
5215,11500.7
5216,50651.8
5217,95790.8
5218,135912
5219,164718
5220,180311
5221,182553
5222,165049
5223,147599
5224,117274
5225,78686.5
5226,36080.9
5227,708.466
5228,0
5229,0
5230,0
5231,0
5232,0
5233,0
5234,0
5235,0
5236,0
5237,0
5238,0
5239,13613.1
5240,50200.7
5241,95573.2
5242,136494
5243,160412
5244,174726
5245,173678
5246,167398
5247,148165
5248,112390
5249,76007
5250,31650.7
5251,536.668
5252,0
5253,0
5254,0
5255,0
5256,0
5257,0
5258,0
5259,0
5260,0
5261,0
5262,0
5263,12008.3
5264,26360.1
5265,57347.2
5266,136719
5267,164576
5268,177611
5269,183238
5270,168109
5271,151125
5272,112285
5273,76122.5
5274,29945.7
5275,532.927
5276,0
5277,0
5278,0
5279,0
5280,0
5281,0
5282,0
5283,0
5284,0
5285,0
5286,0
5287,15895.6
5288,52885.7
5289,94012.2
5290,136327
5291,163446
5292,179341
5293,185243
5294,173804
5295,155184
5296,121940
5297,76903.6
5298,30638.7
5299,355.745
5300,0
5301,0
5302,0
5303,0
5304,0
5305,0
5306,0
5307,0
5308,0
5309,0
5310,0
5311,13842.1
5312,50524.4
5313,96858.6
5314,138909
5315,165010
5316,180964
5317,180984
5318,174612
5319,149073
5320,122994
5321,77930.9
5322,31546.2
5323,354.931
5324,0
5325,0
5326,0
5327,0
5328,0
5329,0
5330,0
5331,0
5332,0
5333,0
5334,0
5335,11854.2
5336,43503.6
5337,97628.2
5338,138253
5339,167118
5340,181016
5341,182374
5342,175354
5343,150237
5344,121899
5345,76915.8
5346,32754.1
5347,353.935
5348,0
5349,0
5350,0
5351,0
5352,0
5353,0
5354,0
5355,0
5356,0
5357,0
5358,0
5359,14239.7
5360,53170.5
5361,96668.2
5362,141314
5363,167515
5364,182854
5365,181404
5366,162071
5367,152632
5368,118638
5369,77831.7
5370,30488.4
5371,177.004
5372,0
5373,0
5374,0
5375,0
5376,0
5377,0
5378,0
5379,0
5380,0
5381,0
5382,0
5383,11573.2
5384,51474.7
5385,97753.3
5386,140690
5387,166353
5388,182234
5389,184047
5390,176729
5391,152665
5392,118640
5393,77182.3
5394,31271.7
5395,174.961
5396,0
5397,0
5398,0
5399,0
5400,0
5401,0
5402,0
5403,0
5404,0
5405,0
5406,0
5407,9516.1
5408,51495.6
5409,101217
5410,139068
5411,165010
5412,182632
5413,186160
5414,174458
5415,150576
5416,117037
5417,76727.2
5418,29063.9
5419,173.358
5420,0
5421,0
5422,0
5423,0
5424,0
5425,0
5426,0
5427,0
5428,0
5429,0
5430,0
5431,9479.83
5432,51825.5
5433,98952.6
5434,138352
5435,160327
5436,174962
5437,185345
5438,174270
5439,148762
5440,117727
5441,79040.5
5442,30186.4
5443,0
5444,0
5445,0
5446,0
5447,0
5448,0
5449,0
5450,0
5451,0
5452,0
5453,0
5454,0
5455,14665.5
5456,53227.1
5457,98190.9
5458,139335
5459,167177
5460,183890
5461,183753
5462,174252
5463,152590
5464,107318
5465,74272.7
5466,31904.5
5467,0
5468,0
5469,0
5470,0
5471,0
5472,0
5473,0
5474,0
5475,0
5476,0
5477,0
5478,0
5479,13098.1
5480,51567.2
5481,97050.4
5482,138740
5483,169271
5484,145415
5485,183647
5486,170258
5487,154936
5488,120055
5489,74541.8
5490,28916.4
5491,0
5492,0
5493,0
5494,0
5495,0
5496,0
5497,0
5498,0
5499,0
5500,0
5501,0
5502,0
5503,11086.2
5504,52924.7
5505,96567.8
5506,132530
5507,156904
5508,168371
5509,174947
5510,162950
5511,145987
5512,120051
5513,79869.9
5514,30420.7
5515,0
5516,0
5517,0
5518,0
5519,0
5520,0
5521,0
5522,0
5523,0
5524,0
5525,0
5526,0
5527,9397.63
5528,51794.1
5529,101784
5530,141204
5531,168937
5532,182312
5533,186393
5534,172568
5535,151596
5536,122994
5537,76475.3
5538,27605.5
5539,0
5540,0
5541,0
5542,0
5543,0
5544,0
5545,0
5546,0
5547,0
5548,0
5549,0
5550,0
5551,13082.5
5552,54539.5
5553,102773
5554,142684
5555,169985
5556,183924
5557,188681
5558,179029
5559,157444
5560,121617
5561,80258.7
5562,29558.7
5563,0
5564,0
5565,0
5566,0
5567,0
5568,0
5569,0
5570,0
5571,0
5572,0
5573,0
5574,0
5575,8127.39
5576,18270
5577,64665.2
5578,141268
5579,168912
5580,186437
5581,189992
5582,175831
5583,148820
5584,112346
5585,81059.7
5586,26595.1
5587,0
5588,0
5589,0
5590,0
5591,0
5592,0
5593,0
5594,0
5595,0
5596,0
5597,0
5598,0
5599,14754.5
5600,54201.4
5601,101808
5602,140404
5603,171156
5604,186074
5605,184448
5606,172155
5607,154311
5608,119263
5609,27357
5610,17645.8
5611,0
5612,0
5613,0
5614,0
5615,0
5616,0
5617,0
5618,0
5619,0
5620,0
5621,0
5622,0
5623,12868.7
5624,54881.3
5625,101116
5626,143606
5627,170624
5628,187107
5629,187855
5630,177946
5631,158151
5632,125437
5633,75651.8
5634,24265.6
5635,0
5636,0
5637,0
5638,0
5639,0
5640,0
5641,0
5642,0
5643,0
5644,0
5645,0
5646,0
5647,14144.3
5648,54326.6
5649,99645.2
5650,143604
5651,170631
5652,185332
5653,184333
5654,174836
5655,154621
5656,119919
5657,74064.5
5658,26585
5659,0
5660,0
5661,0
5662,0
5663,0
5664,0
5665,0
5666,0
5667,0
5668,0
5669,0
5670,0
5671,11644.7
5672,54726.4
5673,99908.8
5674,142807
5675,171346
5676,183893
5677,183453
5678,175618
5679,155300
5680,122620
5681,75105.5
5682,28361.3
5683,0
5684,0
5685,0
5686,0
5687,0
5688,0
5689,0
5690,0
5691,0
5692,0
5693,0
5694,0
5695,12458.7
5696,55347.2
5697,103399
5698,144684
5699,170098
5700,180856
5701,182013
5702,171996
5703,154625
5704,116549
5705,74171
5706,23812.7
5707,0
5708,0
5709,0
5710,0
5711,0
5712,0
5713,0
5714,0
5715,0
5716,0
5717,0
5718,0
5719,12143.7
5720,56683.8
5721,99687.8
5722,141992
5723,170543
5724,185936
5725,189555
5726,177133
5727,156234
5728,120720
5729,75428.6
5730,26647.6
5731,0
5732,0
5733,0
5734,0
5735,0
5736,0
5737,0
5738,0
5739,0
5740,0
5741,0
5742,0
5743,10541.8
5744,57358.8
5745,100405
5746,144849
5747,172128
5748,185811
5749,186507
5750,174223
5751,152363
5752,120834
5753,74140.9
5754,0
5755,0
5756,0
5757,0
5758,0
5759,0
5760,0
5761,0
5762,0
5763,0
5764,0
5765,0
5766,0
5767,7707.95
5768,32711.4
5769,98607.7
5770,143422
5771,171165
5772,186121
5773,188182
5774,177162
5775,156505
5776,122670
5777,74888.9
5778,0
5779,0
5780,0
5781,0
5782,0
5783,0
5784,0
5785,0
5786,0
5787,0
5788,0
5789,0
5790,0
5791,12757.4
5792,56711.3
5793,104282
5794,145821
5795,170923
5796,186164
5797,188339
5798,179187
5799,156161
5800,121583
5801,73852.2
5802,0
5803,0
5804,0
5805,0
5806,0
5807,0
5808,0
5809,0
5810,0
5811,0
5812,0
5813,0
5814,0
5815,10680.8
5816,54648.3
5817,101851
5818,143042
5819,172476
5820,178153
5821,187038
5822,177269
5823,157594
5824,125591
5825,77602.1
5826,0
5827,0
5828,0
5829,0
5830,0
5831,0
5832,0
5833,0
5834,0
5835,0
5836,0
5837,0
5838,0
5839,11898.2
5840,44805.7
5841,104972
5842,144821
5843,171990
5844,190658
5845,193194
5846,180681
5847,158891
5848,126166
5849,73168.5
5850,0
5851,0
5852,0
5853,0
5854,0
5855,0
5856,0
5857,0
5858,0
5859,0
5860,0
5861,0
5862,0
5863,11130.7
5864,25403.4
5865,83166.1
5866,132503
5867,177214
5868,196423
5869,199790
5870,185518
5871,163365
5872,122511
5873,74991.7
5874,0
5875,0
5876,0
5877,0
5878,0
5879,0
5880,0
5881,0
5882,0
5883,0
5884,0
5885,0
5886,0
5887,10377.5
5888,56718.5
5889,108000
5890,145657
5891,172673
5892,191904
5893,191783
5894,182677
5895,158777
5896,123881
5897,74630.5
5898,0
5899,0
5900,0
5901,0
5902,0
5903,0
5904,0
5905,0
5906,0
5907,0
5908,0
5909,0
5910,0
5911,7464.95
5912,20465.5
5913,54890.5
5914,133994
5915,172566
5916,192075
5917,191930
5918,182888
5919,155448
5920,124314
5921,71204
5922,0
5923,0
5924,0
5925,0
5926,0
5927,0
5928,0
5929,0
5930,0
5931,0
5932,0
5933,0
5934,0
5935,6238.37
5936,16432.3
5937,24535.7
5938,39300.8
5939,161583
5940,185010
5941,179073
5942,171990
5943,146123
5944,117928
5945,55543.2
5946,0
5947,0
5948,0
5949,0
5950,0
5951,0
5952,0
5953,0
5954,0
5955,0
5956,0
5957,0
5958,0
5959,11769.6
5960,56972.1
5961,104558
5962,139986
5963,173413
5964,187939
5965,191397
5966,181922
5967,156582
5968,118514
5969,73320.2
5970,0
5971,0
5972,0
5973,0
5974,0
5975,0
5976,0
5977,0
5978,0
5979,0
5980,0
5981,0
5982,0
5983,9286.44
5984,39530.3
5985,109042
5986,145714
5987,176271
5988,190069
5989,194937
5990,182576
5991,154413
5992,120870
5993,69404.7
5994,0
5995,0
5996,0
5997,0
5998,0
5999,0
6000,0
6001,0
6002,0
6003,0
6004,0
6005,0
6006,0
6007,11045.2
6008,39108.2
6009,106059
6010,146892
6011,174220
6012,192546
6013,188180
6014,176478
6015,126720
6016,45619
6017,20598.7
6018,0
6019,0
6020,0
6021,0
6022,0
6023,0
6024,0
6025,0
6026,0
6027,0
6028,0
6029,0
6030,0
6031,3800.5
6032,55224
6033,94594.3
6034,63344
6035,130555
6036,139643
6037,129184
6038,68310
6039,142660
6040,54527.2
6041,53313.1
6042,0
6043,0
6044,0
6045,0
6046,0
6047,0
6048,0
6049,0
6050,0
6051,0
6052,0
6053,0
6054,0
6055,10286.3
6056,56820.3
6057,109683
6058,146733
6059,176405
6060,158152
6061,191756
6062,183909
6063,161376
6064,118450
6065,67776.6
6066,12678.3
6067,0
6068,0
6069,0
6070,0
6071,0
6072,0
6073,0
6074,0
6075,0
6076,0
6077,0
6078,0
6079,9792.26
6080,58348.2
6081,109363
6082,148372
6083,164917
6084,196387
6085,192620
6086,177274
6087,157824
6088,117344
6089,66542
6090,11885.8
6091,0
6092,0
6093,0
6094,0
6095,0
6096,0
6097,0
6098,0
6099,0
6100,0
6101,0
6102,0
6103,9556.6
6104,57616.3
6105,110331
6106,149430
6107,175835
6108,188736
6109,186414
6110,181140
6111,151765
6112,113623
6113,70913.8
6114,11931.3
6115,0
6116,0
6117,0
6118,0
6119,0
6120,0
6121,0
6122,0
6123,0
6124,0
6125,0
6126,0
6127,9650.88
6128,58268.9
6129,105893
6130,147437
6131,173444
6132,192019
6133,187991
6134,176253
6135,152920
6136,119979
6137,72486
6138,11873
6139,0
6140,0
6141,0
6142,0
6143,0
6144,0
6145,0
6146,0
6147,0
6148,0
6149,0
6150,0
6151,9244.5
6152,27826.9
6153,104921
6154,150019
6155,169931
6156,186852
6157,181507
6158,175564
6159,149840
6160,119004
6161,66274.6
6162,10462.9
6163,0
6164,0
6165,0
6166,0
6167,0
6168,0
6169,0
6170,0
6171,0
6172,0
6173,0
6174,0
6175,9620.04
6176,48197.2
6177,101533
6178,142932
6179,170992
6180,186824
6181,184690
6182,171882
6183,155749
6184,119204
6185,64706.6
6186,9683.18
6187,0
6188,0
6189,0
6190,0
6191,0
6192,0
6193,0
6194,0
6195,0
6196,0
6197,0
6198,0
6199,6039.85
6200,16415.2
6201,30467.4
6202,84421
6203,169287
6204,188919
6205,189071
6206,180035
6207,154427
6208,118036
6209,65444.3
6210,9228.29
6211,0
6212,0
6213,0
6214,0
6215,0
6216,0
6217,0
6218,0
6219,0
6220,0
6221,0
6222,0
6223,4999.15
6224,15496.4
6225,20930.3
6226,32178.9
6227,121193
6228,185868
6229,188436
6230,176978
6231,151870
6232,111021
6233,63089.8
6234,8245.14
6235,0
6236,0
6237,0
6238,0
6239,0
6240,0
6241,0
6242,0
6243,0
6244,0
6245,0
6246,0
6247,3870.17
6248,12195.8
6249,19203.9
6250,22166.9
6251,26170.6
6252,45629.4
6253,99805.7
6254,118033
6255,146275
6256,113863
6257,68195.6
6258,8532.1
6259,0
6260,0
6261,0
6262,0
6263,0
6264,0
6265,0
6266,0
6267,0
6268,0
6269,0
6270,0
6271,7164.82
6272,54041.2
6273,98736
6274,149092
6275,177271
6276,186062
6277,183613
6278,174169
6279,154671
6280,117836
6281,63068.1
6282,7271.92
6283,0
6284,0
6285,0
6286,0
6287,0
6288,0
6289,0
6290,0
6291,0
6292,0
6293,0
6294,0
6295,10496.1
6296,60272.3
6297,112257
6298,149416
6299,169381
6300,186601
6301,183348
6302,179593
6303,151794
6304,109215
6305,28310.9
6306,2674.52
6307,0
6308,0
6309,0
6310,0
6311,0
6312,0
6313,0
6314,0
6315,0
6316,0
6317,0
6318,0
6319,8806.34
6320,9607.5
6321,15269.1
6322,54436.8
6323,27906.9
6324,33048.1
6325,44366.8
6326,155491
6327,68286.8
6328,60340.6
6329,6951
6330,520.425
6331,0
6332,0
6333,0
6334,0
6335,0
6336,0
6337,0
6338,0
6339,0
6340,0
6341,0
6342,0
6343,10370.7
6344,27436.8
6345,39643.8
6346,55806.6
6347,53767.1
6348,76423.9
6349,32497.3
6350,60344.9
6351,79302.2
6352,43244.4
6353,53721.3
6354,4476.53
6355,0
6356,0
6357,0
6358,0
6359,0
6360,0
6361,0
6362,0
6363,0
6364,0
6365,0
6366,0
6367,4840.56
6368,23131.4
6369,56811.6
6370,131898
6371,170789
6372,178572
6373,181974
6374,162673
6375,129303
6376,63945.8
6377,55305
6378,4353.31
6379,0
6380,0
6381,0
6382,0
6383,0
6384,0
6385,0
6386,0
6387,0
6388,0
6389,0
6390,0
6391,4633.92
6392,14604.3
6393,28430.7
6394,41255.1
6395,159863
6396,183225
6397,180188
6398,139878
6399,51964.9
6400,40340.6
6401,39880.3
6402,2753.31
6403,0
6404,0
6405,0
6406,0
6407,0
6408,0
6409,0
6410,0
6411,0
6412,0
6413,0
6414,0
6415,6221.21
6416,43869.1
6417,109487
6418,147055
6419,178738
6420,187208
6421,190407
6422,178406
6423,148656
6424,104841
6425,60439.3
6426,3990.12
6427,0
6428,0
6429,0
6430,0
6431,0
6432,0
6433,0
6434,0
6435,0
6436,0
6437,0
6438,0
6439,8171.8
6440,43406.9
6441,101703
6442,142186
6443,176488
6444,187867
6445,179884
6446,179274
6447,145274
6448,108748
6449,64470.6
6450,3886.38
6451,0
6452,0
6453,0
6454,0
6455,0
6456,0
6457,0
6458,0
6459,0
6460,0
6461,0
6462,0
6463,3543.7
6464,15446.2
6465,29627.5
6466,76331.1
6467,163866
6468,174591
6469,180312
6470,174463
6471,146392
6472,107257
6473,59862.6
6474,3049.94
6475,0
6476,0
6477,0
6478,0
6479,0
6480,0
6481,0
6482,0
6483,0
6484,0
6485,0
6486,0
6487,4497.35
6488,59267.9
6489,107766
6490,144053
6491,171820
6492,186130
6493,175585
6494,173201
6495,146488
6496,111147
6497,54969
6498,2547.33
6499,0
6500,0
6501,0
6502,0
6503,0
6504,0
6505,0
6506,0
6507,0
6508,0
6509,0
6510,0
6511,4019.23
6512,58062.7
6513,102411
6514,139156
6515,164784
6516,178202
6517,170880
6518,168807
6519,132644
6520,107873
6521,50272.2
6522,1908.71
6523,0
6524,0
6525,0
6526,0
6527,0
6528,0
6529,0
6530,0
6531,0
6532,0
6533,0
6534,0
6535,2968.3
6536,58551.2
6537,107382
6538,142537
6539,173105
6540,184964
6541,167772
6542,169675
6543,139895
6544,102641
6545,29526.3
6546,617.365
6547,0
6548,0
6549,0
6550,0
6551,0
6552,0
6553,0
6554,0
6555,0
6556,0
6557,0
6558,0
6559,356.97
6560,12093
6561,23575.1
6562,37219.5
6563,63206.8
6564,192025
6565,191026
6566,179072
6567,151620
6568,87610.9
6569,6827.63
6570,655.677
6571,0
6572,0
6573,0
6574,0
6575,0
6576,0
6577,0
6578,0
6579,0
6580,0
6581,0
6582,0
6583,0
6584,18600.7
6585,29014.5
6586,36960
6587,42100
6588,43493.3
6589,42346.5
6590,51068.2
6591,30551.6
6592,20562.9
6593,8956.63
6594,2904.85
6595,0
6596,0
6597,0
6598,0
6599,0
6600,0
6601,0
6602,0
6603,0
6604,0
6605,0
6606,0
6607,0
6608,17591.8
6609,28175
6610,95118.4
6611,166049
6612,194144
6613,193701
6614,181463
6615,68557.1
6616,52114.5
6617,8242.34
6618,638.034
6619,0
6620,0
6621,0
6622,0
6623,0
6624,0
6625,0
6626,0
6627,0
6628,0
6629,0
6630,0
6631,0
6632,14927.3
6633,77143.4
6634,77465.7
6635,156889
6636,87835.5
6637,41770.5
6638,37152.9
6639,50244.7
6640,32978
6641,25556.8
6642,466.447
6643,0
6644,0
6645,0
6646,0
6647,0
6648,0
6649,0
6650,0
6651,0
6652,0
6653,0
6654,0
6655,0
6656,12714.8
6657,21816.4
6658,34532.2
6659,63506.9
6660,163723
6661,78025.3
6662,36839.6
6663,58758.8
6664,17129.7
6665,6694.54
6666,455.217
6667,0
6668,0
6669,0
6670,0
6671,0
6672,0
6673,0
6674,0
6675,0
6676,0
6677,0
6678,0
6679,0
6680,16826.6
6681,27249.9
6682,35441.8
6683,40651.3
6684,42407.4
6685,40788.4
6686,36125.4
6687,59611.5
6688,18241.5
6689,7246.42
6690,439.138
6691,0
6692,0
6693,0
6694,0
6695,0
6696,0
6697,0
6698,0
6699,0
6700,0
6701,0
6702,0
6703,0
6704,45177.5
6705,57180.5
6706,34239.4
6707,39715
6708,41716.2
6709,127440
6710,129415
6711,147376
6712,68314.2
6713,40600.4
6714,848.497
6715,0
6716,0
6717,0
6718,0
6719,0
6720,0
6721,0
6722,0
6723,0
6724,0
6725,0
6726,0
6727,0
6728,58165.1
6729,108671
6730,111680
6731,135594
6732,182838
6733,189782
6734,175109
6735,144383
6736,98343.3
6737,39147.1
6738,645.696
6739,0
6740,0
6741,0
6742,0
6743,0
6744,0
6745,0
6746,0
6747,0
6748,0
6749,0
6750,0
6751,0
6752,59852.8
6753,113152
6754,52407
6755,171095
6756,154315
6757,152417
6758,86704.7
6759,139195
6760,103314
6761,39237
6762,647.213
6763,0
6764,0
6765,0
6766,0
6767,0
6768,0
6769,0
6770,0
6771,0
6772,0
6773,0
6774,0
6775,0
6776,12303.3
6777,101829
6778,154314
6779,134844
6780,185799
6781,107152
6782,178447
6783,147640
6784,94092.5
6785,32526
6786,416.918
6787,0
6788,0
6789,0
6790,0
6791,0
6792,0
6793,0
6794,0
6795,0
6796,0
6797,0
6798,0
6799,0
6800,38199.2
6801,42549.3
6802,70027.7
6803,87442.1
6804,99818.4
6805,90035
6806,66149.7
6807,105704
6808,57324.8
6809,49845.7
6810,472.722
6811,0
6812,0
6813,0
6814,0
6815,0
6816,0
6817,0
6818,0
6819,0
6820,0
6821,0
6822,0
6823,0
6824,63998.7
6825,118071
6826,155318
6827,184699
6828,196249
6829,201060
6830,183128
6831,153856
6832,109120
6833,48087
6834,157.879
6835,0
6836,0
6837,0
6838,0
6839,0
6840,0
6841,0
6842,0
6843,0
6844,0
6845,0
6846,0
6847,0
6848,52236.7
6849,102717
6850,144930
6851,162429
6852,184936
6853,182826
6854,165480
6855,130133
6856,83880.4
6857,26496.4
6858,0
6859,0
6860,0
6861,0
6862,0
6863,0
6864,0
6865,0
6866,0
6867,0
6868,0
6869,0
6870,0
6871,0
6872,49979.2
6873,99294.6
6874,142242
6875,168319
6876,180970
6877,175975
6878,158271
6879,127312
6880,78392.1
6881,23371.8
6882,0
6883,0
6884,0
6885,0
6886,0
6887,0
6888,0
6889,0
6890,0
6891,0
6892,0
6893,0
6894,0
6895,0
6896,59363.3
6897,111763
6898,150154
6899,171975
6900,189023
6901,190232
6902,174015
6903,144482
6904,100634
6905,42090.2
6906,0
6907,0
6908,0
6909,0
6910,0
6911,0
6912,0
6913,0
6914,0
6915,0
6916,0
6917,0
6918,0
6919,0
6920,56724.7
6921,108715
6922,148891
6923,173054
6924,186423
6925,185352
6926,169930
6927,139457
6928,93417.2
6929,33820.7
6930,0
6931,0
6932,0
6933,0
6934,0
6935,0
6936,0
6937,0
6938,0
6939,0
6940,0
6941,0
6942,0
6943,0
6944,61205.1
6945,113447
6946,151027
6947,178827
6948,192913
6949,190503
6950,172254
6951,145800
6952,102684
6953,44533.6
6954,0
6955,0
6956,0
6957,0
6958,0
6959,0
6960,0
6961,0
6962,0
6963,0
6964,0
6965,0
6966,0
6967,0
6968,53573.7
6969,104942
6970,144131
6971,172831
6972,188024
6973,184576
6974,169001
6975,135442
6976,85806
6977,25609.3
6978,0
6979,0
6980,0
6981,0
6982,0
6983,0
6984,0
6985,0
6986,0
6987,0
6988,0
6989,0
6990,0
6991,0
6992,59932.6
6993,114348
6994,154009
6995,179881
6996,194045
6997,191728
6998,176181
6999,145238
7000,99715.8
7001,37077.8
7002,0
7003,0
7004,0
7005,0
7006,0
7007,0
7008,0
7009,0
7010,0
7011,0
7012,0
7013,0
7014,0
7015,0
7016,14152.9
7017,24754.2
7018,150024
7019,180432
7020,193701
7021,191187
7022,175347
7023,128758
7024,11272.5
7025,9668.52
7026,0
7027,0
7028,0
7029,0
7030,0
7031,0
7032,0
7033,0
7034,0
7035,0
7036,0
7037,0
7038,0
7039,0
7040,12961
7041,96499.1
7042,95846.4
7043,33170.6
7044,50873.1
7045,167938
7046,139959
7047,112618
7048,91113.7
7049,27033.5
7050,0
7051,0
7052,0
7053,0
7054,0
7055,0
7056,0
7057,0
7058,0
7059,0
7060,0
7061,0
7062,0
7063,0
7064,46139.2
7065,49379.7
7066,52405.6
7067,160471
7068,188886
7069,165636
7070,150698
7071,128232
7072,77828.1
7073,37004.1
7074,0
7075,0
7076,0
7077,0
7078,0
7079,0
7080,0
7081,0
7082,0
7083,0
7084,0
7085,0
7086,0
7087,0
7088,14879.9
7089,25416.9
7090,91375.6
7091,91552
7092,43320.6
7093,69108.7
7094,57893.1
7095,25293.2
7096,14812.7
7097,4242.8
7098,0
7099,0
7100,0
7101,0
7102,0
7103,0
7104,0
7105,0
7106,0
7107,0
7108,0
7109,0
7110,0
7111,0
7112,12808.3
7113,23359.1
7114,31583.6
7115,63641.4
7116,105235
7117,82831.4
7118,54270.2
7119,34846.9
7120,12871.6
7121,12351
7122,0
7123,0
7124,0
7125,0
7126,0
7127,0
7128,0
7129,0
7130,0
7131,0
7132,0
7133,0
7134,0
7135,0
7136,57213.1
7137,113016
7138,152515
7139,178131
7140,188155
7141,184502
7142,171824
7143,142229
7144,94119.1
7145,30306
7146,0
7147,0
7148,0
7149,0
7150,0
7151,0
7152,0
7153,0
7154,0
7155,0
7156,0
7157,0
7158,0
7159,0
7160,53089.7
7161,106078
7162,146158
7163,172892
7164,187434
7165,184536
7166,166341
7167,136026
7168,85767.2
7169,21866
7170,0
7171,0
7172,0
7173,0
7174,0
7175,0
7176,0
7177,0
7178,0
7179,0
7180,0
7181,0
7182,0
7183,0
7184,61305.4
7185,116563
7186,155614
7187,183512
7188,194712
7189,171490
7190,165877
7191,149211
7192,37023.6
7193,36829.9
7194,0
7195,0
7196,0
7197,0
7198,0
7199,0
7200,0
7201,0
7202,0
7203,0
7204,0
7205,0
7206,0
7207,0
7208,61400.7
7209,116787
7210,155045
7211,182679
7212,194406
7213,197366
7214,181536
7215,150242
7216,102619
7217,36619
7218,0
7219,0
7220,0
7221,0
7222,0
7223,0
7224,0
7225,0
7226,0
7227,0
7228,0
7229,0
7230,0
7231,0
7232,53437
7233,108050
7234,143299
7235,165821
7236,187229
7237,184962
7238,170232
7239,135022
7240,84793.3
7241,20736.2
7242,0
7243,0
7244,0
7245,0
7246,0
7247,0
7248,0
7249,0
7250,0
7251,0
7252,0
7253,0
7254,0
7255,0
7256,60033.8
7257,110860
7258,154262
7259,179207
7260,192461
7261,188685
7262,174297
7263,143700
7264,98984.1
7265,34351.5
7266,0
7267,0
7268,0
7269,0
7270,0
7271,0
7272,0
7273,0
7274,0
7275,0
7276,0
7277,0
7278,0
7279,0
7280,59407
7281,110356
7282,152592
7283,177001
7284,189235
7285,189637
7286,173693
7287,144619
7288,97495.4
7289,32498.3
7290,0
7291,0
7292,0
7293,0
7294,0
7295,0
7296,0
7297,0
7298,0
7299,0
7300,0
7301,0
7302,0
7303,0
7304,41125.2
7305,108262
7306,138848
7307,74777.1
7308,26427
7309,65166.3
7310,155097
7311,92263.6
7312,67681.9
7313,17028.6
7314,0
7315,0
7316,0
7317,0
7318,0
7319,0
7320,0
7321,0
7322,0
7323,0
7324,0
7325,0
7326,0
7327,0
7328,33288.6
7329,93892.7
7330,39424.3
7331,48373.2
7332,175618
7333,106309
7334,128190
7335,12597.9
7336,18730.6
7337,2654.96
7338,0
7339,0
7340,0
7341,0
7342,0
7343,0
7344,0
7345,0
7346,0
7347,0
7348,0
7349,0
7350,0
7351,0
7352,50298.6
7353,102261
7354,90293.1
7355,55209.4
7356,98210.1
7357,122850
7358,82923.1
7359,104361
7360,92038.2
7361,22066.1
7362,0
7363,0
7364,0
7365,0
7366,0
7367,0
7368,0
7369,0
7370,0
7371,0
7372,0
7373,0
7374,0
7375,0
7376,48404.6
7377,109680
7378,147335
7379,175138
7380,186532
7381,189827
7382,172762
7383,145468
7384,99475.5
7385,23716
7386,0
7387,0
7388,0
7389,0
7390,0
7391,0
7392,0
7393,0
7394,0
7395,0
7396,0
7397,0
7398,0
7399,0
7400,52752.7
7401,110971
7402,146693
7403,171341
7404,188684
7405,188877
7406,49620
7407,89020.3
7408,90431.9
7409,20097.5
7410,0
7411,0
7412,0
7413,0
7414,0
7415,0
7416,0
7417,0
7418,0
7419,0
7420,0
7421,0
7422,0
7423,0
7424,47299.3
7425,113877
7426,145565
7427,174440
7428,193185
7429,179747
7430,177121
7431,147696
7432,95350.9
7433,21199.9
7434,0
7435,0
7436,0
7437,0
7438,0
7439,0
7440,0
7441,0
7442,0
7443,0
7444,0
7445,0
7446,0
7447,0
7448,34917.5
7449,39766.4
7450,128808
7451,63149.2
7452,78130.2
7453,178837
7454,171681
7455,138732
7456,96926.8
7457,20643.6
7458,0
7459,0
7460,0
7461,0
7462,0
7463,0
7464,0
7465,0
7466,0
7467,0
7468,0
7469,0
7470,0
7471,0
7472,48337.8
7473,108960
7474,148427
7475,147130
7476,78495.2
7477,185215
7478,175205
7479,138759
7480,54232.5
7481,9871.97
7482,0
7483,0
7484,0
7485,0
7486,0
7487,0
7488,0
7489,0
7490,0
7491,0
7492,0
7493,0
7494,0
7495,0
7496,27065.5
7497,36435.4
7498,36474.8
7499,73716
7500,81930.7
7501,101594
7502,57038.6
7503,120836
7504,38294.2
7505,6306.82
7506,0
7507,0
7508,0
7509,0
7510,0
7511,0
7512,0
7513,0
7514,0
7515,0
7516,0
7517,0
7518,0
7519,0
7520,27927.3
7521,36543
7522,93216.6
7523,163577
7524,145907
7525,184554
7526,173170
7527,143529
7528,84735.2
7529,15598.1
7530,0
7531,0
7532,0
7533,0
7534,0
7535,0
7536,0
7537,0
7538,0
7539,0
7540,0
7541,0
7542,0
7543,0
7544,5206.34
7545,10404.3
7546,17299.2
7547,35219.9
7548,161602
7549,77440.5
7550,26069.9
7551,14127.2
7552,23697.5
7553,2318
7554,0
7555,0
7556,0
7557,0
7558,0
7559,0
7560,0
7561,0
7562,0
7563,0
7564,0
7565,0
7566,0
7567,0
7568,5246.74
7569,25481.7
7570,31467
7571,143110
7572,71074.6
7573,139000
7574,56241.3
7575,119447
7576,90765
7577,15462.2
7578,0
7579,0
7580,0
7581,0
7582,0
7583,0
7584,0
7585,0
7586,0
7587,0
7588,0
7589,0
7590,0
7591,0
7592,44138
7593,109578
7594,143848
7595,170672
7596,99407.6
7597,181571
7598,172435
7599,135425
7600,83136.6
7601,13663.4
7602,0
7603,0
7604,0
7605,0
7606,0
7607,0
7608,0
7609,0
7610,0
7611,0
7612,0
7613,0
7614,0
7615,0
7616,41131.3
7617,106832
7618,146519
7619,171478
7620,188855
7621,187242
7622,171118
7623,138332
7624,97715.8
7625,15506.1
7626,0
7627,0
7628,0
7629,0
7630,0
7631,0
7632,0
7633,0
7634,0
7635,0
7636,0
7637,0
7638,0
7639,0
7640,39447.8
7641,73392.6
7642,97091.8
7643,101183
7644,169541
7645,118007
7646,87504.8
7647,72490.1
7648,83137.2
7649,12367.3
7650,0
7651,0
7652,0
7653,0
7654,0
7655,0
7656,0
7657,0
7658,0
7659,0
7660,0
7661,0
7662,0
7663,0
7664,7390.44
7665,27998.1
7666,76427.3
7667,137199
7668,161739
7669,163980
7670,165402
7671,142999
7672,96653.6
7673,14561.1
7674,0
7675,0
7676,0
7677,0
7678,0
7679,0
7680,0
7681,0
7682,0
7683,0
7684,0
7685,0
7686,0
7687,0
7688,38896.8
7689,106706
7690,130381
7691,152373
7692,120164
7693,163146
7694,154245
7695,114624
7696,79210.5
7697,11332.6
7698,0
7699,0
7700,0
7701,0
7702,0
7703,0
7704,0
7705,0
7706,0
7707,0
7708,0
7709,0
7710,0
7711,0
7712,38150.8
7713,94135.1
7714,142742
7715,168631
7716,178222
7717,174033
7718,165928
7719,139151
7720,90505.6
7721,12817.2
7722,0
7723,0
7724,0
7725,0
7726,0
7727,0
7728,0
7729,0
7730,0
7731,0
7732,0
7733,0
7734,0
7735,0
7736,34496.9
7737,102854
7738,141948
7739,161832
7740,177847
7741,179650
7742,160896
7743,82570.8
7744,72789.6
7745,9340.78
7746,0
7747,0
7748,0
7749,0
7750,0
7751,0
7752,0
7753,0
7754,0
7755,0
7756,0
7757,0
7758,0
7759,0
7760,33216
7761,103370
7762,147787
7763,171212
7764,181144
7765,182919
7766,145191
7767,124189
7768,84222.6
7769,10359.8
7770,0
7771,0
7772,0
7773,0
7774,0
7775,0
7776,0
7777,0
7778,0
7779,0
7780,0
7781,0
7782,0
7783,0
7784,17328.3
7785,44394.2
7786,67165
7787,63235.5
7788,165510
7789,179212
7790,164539
7791,140379
7792,89943.6
7793,11208.7
7794,0
7795,0
7796,0
7797,0
7798,0
7799,0
7800,0
7801,0
7802,0
7803,0
7804,0
7805,0
7806,0
7807,0
7808,33473.8
7809,97478.2
7810,141871
7811,168459
7812,190511
7813,186141
7814,171426
7815,145085
7816,78988.8
7817,9537.93
7818,0
7819,0
7820,0
7821,0
7822,0
7823,0
7824,0
7825,0
7826,0
7827,0
7828,0
7829,0
7830,0
7831,0
7832,30824.8
7833,92031.6
7834,143031
7835,167831
7836,186183
7837,183422
7838,167203
7839,140889
7840,93116.3
7841,11193.7
7842,0
7843,0
7844,0
7845,0
7846,0
7847,0
7848,0
7849,0
7850,0
7851,0
7852,0
7853,0
7854,0
7855,0
7856,31400.4
7857,16974.3
7858,77365.3
7859,151733
7860,91419.8
7861,89811
7862,48397.1
7863,78422.2
7864,24354.5
7865,1357.46
7866,0
7867,0
7868,0
7869,0
7870,0
7871,0
7872,0
7873,0
7874,0
7875,0
7876,0
7877,0
7878,0
7879,0
7880,28522.4
7881,99463.4
7882,139031
7883,157255
7884,184626
7885,187945
7886,164084
7887,146068
7888,96550.2
7889,11155.2
7890,0
7891,0
7892,0
7893,0
7894,0
7895,0
7896,0
7897,0
7898,0
7899,0
7900,0
7901,0
7902,0
7903,0
7904,25842.2
7905,98491.3
7906,138121
7907,163873
7908,182061
7909,182454
7910,163314
7911,141477
7912,94339.4
7913,10479.5
7914,0
7915,0
7916,0
7917,0
7918,0
7919,0
7920,0
7921,0
7922,0
7923,0
7924,0
7925,0
7926,0
7927,0
7928,26008.9
7929,97651.2
7930,144653
7931,173696
7932,188203
7933,183155
7934,171652
7935,140269
7936,80004.8
7937,8516.88
7938,0
7939,0
7940,0
7941,0
7942,0
7943,0
7944,0
7945,0
7946,0
7947,0
7948,0
7949,0
7950,0
7951,0
7952,23832.8
7953,77732.2
7954,134838
7955,150404
7956,177355
7957,156646
7958,148497
7959,111676
7960,25197.7
7961,1427.67
7962,0
7963,0
7964,0
7965,0
7966,0
7967,0
7968,0
7969,0
7970,0
7971,0
7972,0
7973,0
7974,0
7975,0
7976,20880.7
7977,63042.3
7978,125285
7979,155412
7980,177991
7981,175731
7982,155469
7983,118784
7984,84824
7985,8615.71
7986,0
7987,0
7988,0
7989,0
7990,0
7991,0
7992,0
7993,0
7994,0
7995,0
7996,0
7997,0
7998,0
7999,0
8000,22376.1
8001,96842.5
8002,134712
8003,155738
8004,177067
8005,167554
8006,162798
8007,129148
8008,83451.7
8009,8693.88
8010,0
8011,0
8012,0
8013,0
8014,0
8015,0
8016,0
8017,0
8018,0
8019,0
8020,0
8021,0
8022,0
8023,0
8024,18960.1
8025,62008.5
8026,127219
8027,148560
8028,123094
8029,135050
8030,58552.4
8031,27977.6
8032,19211.5
8033,691.532
8034,0
8035,0
8036,0
8037,0
8038,0
8039,0
8040,0
8041,0
8042,0
8043,0
8044,0
8045,0
8046,0
8047,0
8048,19331.3
8049,48968.8
8050,125824
8051,165387
8052,189398
8053,186115
8054,170893
8055,139270
8056,97573.7
8057,10156.5
8058,0
8059,0
8060,0
8061,0
8062,0
8063,0
8064,0
8065,0
8066,0
8067,0
8068,0
8069,0
8070,0
8071,0
8072,17106.4
8073,90262
8074,132215
8075,173768
8076,184261
8077,179231
8078,169825
8079,139656
8080,91545.9
8081,9494.29
8082,0
8083,0
8084,0
8085,0
8086,0
8087,0
8088,0
8089,0
8090,0
8091,0
8092,0
8093,0
8094,0
8095,0
8096,15065.7
8097,89982.2
8098,137274
8099,164600
8100,158858
8101,125539
8102,53688.3
8103,36428.6
8104,47467.7
8105,4297.65
8106,0
8107,0
8108,0
8109,0
8110,0
8111,0
8112,0
8113,0
8114,0
8115,0
8116,0
8117,0
8118,0
8119,0
8120,13131.6
8121,90512.6
8122,135420
8123,165487
8124,170479
8125,154702
8126,132621
8127,124204
8128,85747
8129,8597.87
8130,0
8131,0
8132,0
8133,0
8134,0
8135,0
8136,0
8137,0
8138,0
8139,0
8140,0
8141,0
8142,0
8143,0
8144,8950.05
8145,55728.6
8146,20725.3
8147,35081.9
8148,85171.5
8149,15638.5
8150,13421.2
8151,22488.9
8152,19302
8153,776.54
8154,0
8155,0
8156,0
8157,0
8158,0
8159,0
8160,0
8161,0
8162,0
8163,0
8164,0
8165,0
8166,0
8167,0
8168,9515.4
8169,91397.9
8170,131968
8171,162496
8172,178221
8173,184046
8174,169806
8175,142869
8176,97586.4
8177,10226.7
8178,0
8179,0
8180,0
8181,0
8182,0
8183,0
8184,0
8185,0
8186,0
8187,0
8188,0
8189,0
8190,0
8191,0
8192,1294.68
8193,26095.5
8194,101145
8195,21133.7
8196,18276.7
8197,15835.1
8198,68077.5
8199,65155.3
8200,32529.6
8201,2753.17
8202,0
8203,0
8204,0
8205,0
8206,0
8207,0
8208,0
8209,0
8210,0
8211,0
8212,0
8213,0
8214,0
8215,0
8216,5245.28
8217,34909.4
8218,85964.6
8219,123563
8220,155389
8221,146474
8222,68129.1
8223,85438.1
8224,71468.5
8225,7316.6
8226,0
8227,0
8228,0
8229,0
8230,0
8231,0
8232,0
8233,0
8234,0
8235,0
8236,0
8237,0
8238,0
8239,0
8240,2905.93
8241,67047
8242,46718
8243,50313.8
8244,59407.5
8245,87324.9
8246,144240
8247,87967.6
8248,72727.6
8249,7066.27
8250,0
8251,0
8252,0
8253,0
8254,0
8255,0
8256,0
8257,0
8258,0
8259,0
8260,0
8261,0
8262,0
8263,0
8264,361.632
8265,82996
8266,133876
8267,160152
8268,173714
8269,116996
8270,161910
8271,87914.5
8272,56999.2
8273,6175.14
8274,0
8275,0
8276,0
8277,0
8278,0
8279,0
8280,0
8281,0
8282,0
8283,0
8284,0
8285,0
8286,0
8287,0
8288,0
8289,31107.4
8290,12293.3
8291,38704.2
8292,66487.5
8293,22125.1
8294,138054
8295,52340.8
8296,60954.1
8297,6273.27
8298,0
8299,0
8300,0
8301,0
8302,0
8303,0
8304,0
8305,0
8306,0
8307,0
8308,0
8309,0
8310,0
8311,0
8312,0
8313,84964.6
8314,139934
8315,161050
8316,146786
8317,142140
8318,158296
8319,127529
8320,86999.1
8321,9290.51
8322,0
8323,0
8324,0
8325,0
8326,0
8327,0
8328,0
8329,0
8330,0
8331,0
8332,0
8333,0
8334,0
8335,0
8336,0
8337,84029.5
8338,133525
8339,163264
8340,128387
8341,173727
8342,163354
8343,131959
8344,86435.5
8345,9619.17
8346,0
8347,0
8348,0
8349,0
8350,0
8351,0
8352,0
8353,0
8354,0
8355,0
8356,0
8357,0
8358,0
8359,0
8360,0
8361,83343.8
8362,135905
8363,167021
8364,183473
8365,184038
8366,170915
8367,143967
8368,99358.7
8369,11815.3
8370,0
8371,0
8372,0
8373,0
8374,0
8375,0
8376,0
8377,0
8378,0
8379,0
8380,0
8381,0
8382,0
8383,0
8384,0
8385,77704.3
8386,128493
8387,157227
8388,175549
8389,175657
8390,160993
8391,126667
8392,92991
8393,11110.7
8394,0
8395,0
8396,0
8397,0
8398,0
8399,0
8400,0
8401,0
8402,0
8403,0
8404,0
8405,0
8406,0
8407,0
8408,0
8409,56508.7
8410,121062
8411,103131
8412,163811
8413,164778
8414,162655
8415,87694
8416,9478.43
8417,516.977
8418,0
8419,0
8420,0
8421,0
8422,0
8423,0
8424,0
8425,0
8426,0
8427,0
8428,0
8429,0
8430,0
8431,0
8432,0
8433,74075.2
8434,128430
8435,167350
8436,185119
8437,184581
8438,171577
8439,150645
8440,102303
8441,12909.3
8442,0
8443,0
8444,0
8445,0
8446,0
8447,0
8448,0
8449,0
8450,0
8451,0
8452,0
8453,0
8454,0
8455,0
8456,0
8457,64269.9
8458,129593
8459,150568
8460,170886
8461,173050
8462,163322
8463,135930
8464,96041.8
8465,12365.5
8466,0
8467,0
8468,0
8469,0
8470,0
8471,0
8472,0
8473,0
8474,0
8475,0
8476,0
8477,0
8478,0
8479,0
8480,0
8481,74241.3
8482,127330
8483,157155
8484,177711
8485,177993
8486,145510
8487,130889
8488,86778.2
8489,11355.1
8490,0
8491,0
8492,0
8493,0
8494,0
8495,0
8496,0
8497,0
8498,0
8499,0
8500,0
8501,0
8502,0
8503,0
8504,0
8505,76209.4
8506,134384
8507,161330
8508,173947
8509,181576
8510,165255
8511,149967
8512,99151.6
8513,14090.4
8514,0
8515,0
8516,0
8517,0
8518,0
8519,0
8520,0
8521,0
8522,0
8523,0
8524,0
8525,0
8526,0
8527,0
8528,0
8529,75316.5
8530,118477
8531,143694
8532,164201
8533,176771
8534,163671
8535,125101
8536,91988.6
8537,13089.1
8538,0
8539,0
8540,0
8541,0
8542,0
8543,0
8544,0
8545,0
8546,0
8547,0
8548,0
8549,0
8550,0
8551,0
8552,0
8553,75452.7
8554,129426
8555,149885
8556,156546
8557,150396
8558,153259
8559,125056
8560,91397
8561,13242.2
8562,0
8563,0
8564,0
8565,0
8566,0
8567,0
8568,0
8569,0
8570,0
8571,0
8572,0
8573,0
8574,0
8575,0
8576,0
8577,75050.7
8578,133856
8579,158419
8580,182047
8581,178280
8582,172605
8583,138621
8584,100369
8585,15175.9
8586,0
8587,0
8588,0
8589,0
8590,0
8591,0
8592,0
8593,0
8594,0
8595,0
8596,0
8597,0
8598,0
8599,0
8600,0
8601,73254.2
8602,123109
8603,153788
8604,172113
8605,169680
8606,171233
8607,145145
8608,101362
8609,16356.5
8610,0
8611,0
8612,0
8613,0
8614,0
8615,0
8616,0
8617,0
8618,0
8619,0
8620,0
8621,0
8622,0
8623,0
8624,0
8625,75135.8
8626,128027
8627,161351
8628,166842
8629,172363
8630,162067
8631,144150
8632,101371
8633,16834.6
8634,0
8635,0
8636,0
8637,0
8638,0
8639,0
8640,0
8641,0
8642,0
8643,0
8644,0
8645,0
8646,0
8647,0
8648,0
8649,72943.6
8650,127873
8651,155566
8652,170717
8653,172576
8654,168113
8655,145071
8656,99493.3
8657,17019.3
8658,0
8659,0
8660,0
8661,0
8662,0
8663,0
8664,0
8665,0
8666,0
8667,0
8668,0
8669,0
8670,0
8671,0
8672,0
8673,71966.2
8674,124244
8675,161371
8676,177748
8677,181023
8678,166361
8679,144876
8680,101377
8681,18276.6
8682,0
8683,0
8684,0
8685,0
8686,0
8687,0
8688,0
8689,0
8690,0
8691,0
8692,0
8693,0
8694,0
8695,0
8696,0
8697,71942.9
8698,117926
8699,151851
8700,173912
8701,175880
8702,166438
8703,136165
8704,92124.9
8705,17499.8
8706,0
8707,0
8708,0
8709,0
8710,0
8711,0
8712,0
8713,0
8714,0
8715,0
8716,0
8717,0
8718,0
8719,0
8720,0
8721,70331.1
8722,126782
8723,160629
8724,180507
8725,182821
8726,165367
8727,136475
8728,92266.7
8729,17888.6
8730,0
8731,0
8732,0
8733,0
8734,0
8735,0
8736,0
8737,0
8738,0
8739,0
8740,0
8741,0
8742,0
8743,0
8744,0
8745,71137.6
8746,111817
8747,151865
8748,171172
8749,172690
8750,141965
8751,109212
8752,102598
8753,20063.8
8754,0
8755,0
8756,0
8757,0
8758,0
8759,0
8760,0
